3.002336143949299041e-01
2.996972417754905638e-01
2.991633133143494216e-01
2.986288474039895946e-01
2.980941406230361856e-01
2.975567463361195042e-01
2.970180835983252110e-01
2.964793008236991656e-01
2.959404029841019024e-01
2.954032515228700029e-01
2.948661459359821491e-01
2.943286414576828935e-01
2.937886587206627875e-01
2.932478847131480548e-01
2.927070191668392218e-01
2.921611299409059281e-01
2.916168331953931103e-01
2.910718049675101726e-01
2.905258155440278989e-01
2.899770744018136948e-01
2.894299169285919904e-01
2.888828405645500474e-01
2.883359953202419557e-01
2.877855432583025230e-01
2.872343101019133593e-01
2.866833379345318789e-01
2.861329576830980992e-01
2.855790543302004214e-01
2.850296731951839635e-01
2.844743441934335371e-01
2.839214443047487491e-01
2.833673707723763924e-01
2.828124932693399929e-01
2.822565479287056922e-01
2.816957404703547274e-01
2.811367664984856241e-01
2.805788012578722124e-01
2.800185379868615487e-01
2.794560886338200434e-01
2.788920893027097558e-01
2.783278037944312278e-01
2.777668303352326951e-01
2.772041504870479955e-01
2.766379119030056288e-01
2.760718381010544564e-01
2.755066805570006161e-01
2.749470953916888227e-01
2.743864133977963471e-01
2.738278391812697388e-01
2.732702321180662808e-01
2.727136783666225806e-01
2.721561726402687009e-01
2.715999001251780953e-01
2.710449614663651974e-01
2.704922374069709257e-01
2.699395124958787751e-01
2.693847410518283025e-01
2.688271848239183748e-01
2.682718096190536694e-01
2.677161752452084653e-01
2.671594462122108826e-01
2.666031379009903834e-01
2.660536605030534019e-01
2.654986275173527588e-01
2.649440731670439919e-01
2.643927380017909168e-01
2.638409631498087604e-01
2.632886950274545557e-01
2.627353782918136482e-01
2.621840833599371479e-01
2.616287364073877075e-01
2.610749839907276493e-01
2.605199986417371383e-01
2.599617954876138892e-01
2.594027027269611985e-01
2.588466221111084264e-01
2.582944841533219571e-01
2.577424567705121072e-01
2.571914042206495665e-01
2.566435158248203674e-01
2.560961454962320527e-01
2.555488621927047288e-01
2.550033469540813336e-01
2.544571465030396329e-01
2.539106764644858960e-01
2.533652961410438609e-01
2.528210106676050950e-01
2.522812996390678131e-01
2.517418017823560561e-01
2.512043282424252233e-01
2.506702888058736645e-01
2.501388169580563980e-01
2.496070249469779512e-01
2.490777111437240399e-01
2.485478394267840452e-01
2.480196420028816240e-01
2.474904590831028539e-01
2.469634764956736006e-01
2.464369261766076735e-01
2.459091136040545966e-01
2.453821913183817094e-01
2.448559036396081301e-01
2.443362944739988496e-01
2.438183189635677039e-01
2.432954857726843390e-01
2.427733580510318123e-01
2.422501637856654122e-01
2.417243794236339505e-01
2.411952114406831493e-01
2.406688258717982754e-01
2.401441164506255277e-01
2.396215926497086424e-01
2.391029179499538082e-01
2.385845537216139123e-01
2.380609642292016992e-01
2.375452486142538011e-01
2.370382536069107760e-01
2.365310486821865787e-01
2.360247627937905324e-01
2.355201139832060475e-01
2.350177434927792908e-01
2.345168658117076088e-01
2.340222705644041112e-01
2.335269031114377836e-01
2.330314811064399527e-01
2.325378202898879532e-01
2.320408692536380102e-01
2.315471052387443052e-01
2.310549192054360546e-01
2.305649422043940244e-01
2.300742503140119632e-01
2.295846984185168360e-01
2.290914392007987743e-01
2.285956543220751813e-01
2.281019589070666653e-01
2.276146778243400004e-01
2.271267366793343623e-01
2.266419570867153621e-01
2.261586693534167747e-01
2.256758781996213437e-01
2.251938658180819841e-01
2.247164562383035524e-01
2.242460869440661975e-01
2.237738561288602213e-01
2.233065246040514817e-01
2.228416770908395461e-01
2.223812317239906300e-01
2.219244231534172884e-01
2.214662469517361398e-01
2.210053899055454962e-01
2.205415775014563373e-01
2.200799481088329679e-01
2.196182626603320198e-01
2.191610104521846958e-01
2.187045876979477332e-01
2.182461159105330006e-01
2.177827064400052193e-01
2.173116376325706089e-01
2.168427263470585342e-01
2.163812925068443471e-01
2.159214985862051572e-01
2.154607021675484790e-01
2.149993405409199032e-01
2.145388074572336934e-01
2.140776038061408815e-01
2.136152321822460398e-01
2.131496893723756336e-01
2.126833353847436825e-01
2.122183000536715380e-01
2.117582791009573473e-01
2.112963014972197850e-01
2.108320982320987802e-01
2.103688663282138327e-01
2.099063215454762543e-01
2.094484377295529609e-01
2.089905166551003501e-01
2.085320389371414507e-01
2.080736489878503848e-01
2.076196983647793370e-01
2.071619399529147643e-01
2.067026507927975931e-01
2.062473092585938583e-01
2.057928284112778006e-01
2.053378961713225592e-01
2.048832489490971798e-01
2.044304109205298814e-01
2.039787264384405330e-01
2.035322258519332850e-01
2.030843115810648802e-01
2.026391567278640338e-01
2.021970101097270711e-01
2.017578845685436273e-01
2.013146028048364289e-01
2.008694202500412029e-01
2.004317555446570587e-01
1.999932957358022956e-01
1.995561914060722808e-01
1.991246281068060897e-01
1.986932739263658210e-01
1.982629705468268444e-01
1.978321460734552839e-01
1.974072391637579083e-01
1.969864670542435803e-01
1.965696320107542805e-01
1.961598850555512086e-01
1.957507090776568759e-01
1.953388728010570230e-01
1.949308625019302577e-01
1.945253834774947344e-01
1.941214731787533898e-01
1.937204965054365458e-01
1.933173598421484007e-01
1.929069148080184148e-01
1.924981999074956152e-01
1.920914338765809803e-01
1.916901321866769370e-01
1.912941073293060457e-01
1.908958551223062516e-01
1.904996065486657952e-01
1.901043676331128085e-01
1.897116015887350682e-01
1.893268805901675567e-01
1.889360564498782091e-01
1.885458582098048508e-01
1.881544143484144838e-01
1.877685896405814903e-01
1.873818850984442230e-01
1.869885060637498653e-01
1.865984598655163751e-01
1.862095467347132105e-01
1.858194693738317582e-01
1.854298122469255350e-01
1.850377882894555792e-01
1.846439870957810037e-01
1.842495659668017260e-01
1.838632326689109975e-01
1.834729305235170693e-01
1.830879881731940773e-01
1.827028275303510529e-01
1.823194393242904554e-01
1.819299132731291291e-01
1.815439636145468327e-01
1.811607654544828416e-01
1.807782677809874061e-01
1.803998946438931106e-01
1.800298320620024595e-01
1.796598631302624427e-01
1.792852548579618732e-01
1.789138075500816827e-01
1.785373772845471330e-01
1.781632606869244795e-01
1.777929362198597540e-01
1.774210025344116204e-01
1.770492867904972789e-01
1.766756355176560267e-01
1.763012165087224359e-01
1.759261229465944043e-01
1.755488204896916149e-01
1.751755546648594841e-01
1.748004977652837244e-01
1.744307561186243805e-01
1.740661388212745297e-01
1.736996998997450137e-01
1.733348931346974930e-01
1.729656753623720900e-01
1.725931844888865530e-01
1.722254163086113787e-01
1.718540496175810783e-01
1.714848211310022463e-01
1.711107615308119501e-01
1.707384040037977224e-01
1.703655897078305004e-01
1.699928348362732544e-01
1.696174271414497003e-01
1.692478199780673986e-01
1.688744684665684226e-01
1.684990609515043813e-01
1.681238861286102892e-01
1.677515783285692397e-01
1.673854824118801432e-01
1.670202998074141465e-01
1.666581063973228694e-01
1.662940525053642205e-01
1.659309801595817702e-01
1.655671975820173503e-01
1.652079859466666079e-01
1.648482951377144567e-01
1.644816202550698492e-01
1.641209867624673913e-01
1.637611700868265574e-01
1.633995762750990455e-01
1.630421031497263917e-01
1.626811971925794520e-01
1.623186668563700030e-01
1.619583500980886770e-01
1.615977968900710049e-01
1.612400394822128546e-01
1.608799797544387955e-01
1.605252179056863293e-01
1.601706848251554793e-01
1.598173585560414833e-01
1.594613461165261536e-01
1.591047516197402756e-01
1.587490336030475124e-01
1.583944951946260338e-01
1.580341320809164618e-01
1.576689742298823249e-01
1.573055503691679902e-01
1.569431041593977172e-01
1.565784447397368384e-01
1.562057091077506121e-01
1.558354506648693127e-01
1.554677150930985630e-01
1.550952639924663701e-01
1.547168923674757945e-01
1.543365699406001601e-01
1.539623871769716656e-01
1.535805185710363008e-01
1.531945562246773973e-01
1.528084946543915856e-01
1.524249464588196268e-01
1.520440276173128935e-01
1.516596873860070749e-01
1.512779676008649266e-01
1.508982789815794812e-01
1.505203842542706394e-01
1.501430626475487584e-01
1.497608532718768815e-01
1.493752242198926328e-01
1.489929532149313618e-01
1.486142573058238936e-01
1.482326496044640007e-01
1.478478057894201392e-01
1.474614524564346330e-01
1.470762087629031156e-01
1.466903548128524748e-01
1.462997476254042917e-01
1.459139847363062348e-01
1.455238294728734838e-01
1.451312915076020671e-01
1.447388890150529128e-01
1.443427758995148025e-01
1.439474176164419750e-01
1.435574390570145964e-01
1.431714991096446898e-01
1.427883795675941869e-01
1.424024034065861644e-01
1.420197480060797490e-01
1.416351745599402356e-01
1.412495340855087766e-01
1.408651837023832953e-01
1.404786893403926207e-01
1.400880447190793465e-01
1.396966351106438409e-01
1.392987453303942413e-01
1.389019338397210479e-01
1.385048982599627054e-01
1.381048333752706858e-01
1.377088329520111676e-01
1.373133675781736951e-01
1.369224735514068259e-01
1.365294567481712129e-01
1.361328513703435605e-01
1.357392291394310946e-01
1.353439407309874054e-01
1.349410130943518582e-01
1.345413198594844761e-01
1.341414790130233958e-01
1.337406630143720132e-01
1.333440885531553266e-01
1.329495208133116557e-01
1.325549896436927222e-01
1.321548844624566843e-01
1.317462958508472115e-01
1.313427192604138816e-01
1.309363454126711845e-01
1.305296241915855915e-01
1.301220858930527413e-01
1.297144604633473364e-01
1.292998045074604530e-01
1.288812486787358491e-01
1.284633553660964600e-01
1.280514015538170292e-01
1.276422838631434686e-01
1.272336120651687552e-01
1.268203830495978068e-01
1.263988218210115311e-01
1.259809119543743583e-01
1.255637509945717878e-01
1.251516579766658310e-01
1.247386176104987587e-01
1.243249200111529729e-01
1.239123838482959483e-01
1.235032508585884314e-01
1.230889761723301806e-01
1.226764392915209584e-01
1.222634577487457935e-01
1.218471733848674465e-01
1.214294186382907509e-01
1.210125994041047898e-01
1.205941200043541689e-01
1.201739984609723477e-01
1.197564444679656420e-01
1.193348650112573822e-01
1.189131741610642556e-01
1.184891555241076172e-01
1.180591783221785762e-01
1.176258548309236651e-01
1.171872854970915645e-01
1.167486677228254249e-01
1.163134520731360366e-01
1.158782128597663774e-01
1.154407417230780691e-01
1.149963843613121678e-01
1.145476277621619021e-01
1.140958354424715104e-01
1.136449991336030974e-01
1.131933600886581293e-01
1.127435740204380810e-01
1.122976728737243440e-01
1.118546970318494149e-01
1.114098731009615928e-01
1.109659491158314637e-01
1.105235363527434650e-01
1.100803578490495011e-01
1.096368914904726627e-01
1.091933562705077049e-01
1.087527023645552260e-01
1.083082742915263408e-01
1.078633551922651007e-01
1.074119314542690828e-01
1.069654014972309247e-01
1.065215836373649139e-01
1.060792864623447546e-01
1.056388035474515597e-01
1.052050681714429142e-01
1.047628525091413576e-01
1.043260770616556143e-01
1.038894824033199660e-01
1.034537371351881008e-01
1.030143960258807917e-01
1.025759695838474733e-01
1.021340231948486277e-01
1.016951546584882876e-01
1.012498682756968055e-01
1.008123741674517571e-01
1.003678184289345243e-01
9.992305839215720464e-02
9.947408174855515428e-02
9.901841638917384392e-02
9.856252035725977800e-02
9.810705465821595306e-02
9.765517269678837542e-02
9.720362379604195746e-02
9.675127826299527445e-02
9.629787670066032590e-02
9.584095168607466297e-02
9.538102762619765640e-02
9.492220732409616113e-02
9.446271921067148081e-02
9.400340745289875732e-02
9.354628459007607866e-02
9.309015876893243779e-02
9.263682760137426087e-02
9.218021602390644165e-02
9.172184419652269771e-02
9.126471460869875485e-02
9.081174566059441178e-02
9.036072644600737225e-02
8.990651391045866025e-02
8.945105085924104360e-02
8.900222295959535346e-02
8.855298619982630848e-02
8.810082574446793935e-02
8.764790628578331133e-02
8.718518400227463772e-02
8.672313085936957100e-02
8.625919124347149192e-02
8.579384411541808586e-02
8.533215825361552265e-02
8.487763142971629926e-02
8.442744771835335171e-02
8.398749706253723357e-02
8.354053189230099818e-02
8.309359827368906215e-02
8.264549583079294770e-02
8.220060214993613057e-02
8.175528479026702988e-02
8.131304729124753938e-02
8.087043055204463926e-02
8.042871851586128051e-02
7.998716448080722685e-02
7.954566006192984040e-02
7.909454988575947976e-02
7.863809384579716066e-02
7.818634070872274022e-02
7.773459461325599174e-02
7.729029664415307255e-02
7.684814594113063835e-02
7.640530514400201145e-02
7.595865270160673255e-02
7.551706912435912633e-02
7.507777630277556735e-02
7.464512935055013509e-02
7.420982353171036439e-02
7.377708676025512835e-02
7.334858570212759998e-02
7.291747805017748107e-02
7.248441750393411209e-02
7.205769832553186871e-02
7.162735641098318118e-02
7.119661176635244670e-02
7.076982074478566087e-02
7.034808256467525722e-02
6.992579633353135371e-02
6.950608117413151210e-02
6.908137802766448066e-02
6.866535959405779821e-02
6.824501258266726933e-02
6.782637315305860282e-02
6.740621269200255949e-02
6.698579100924341445e-02
6.656285660675263782e-02
6.614304097610886057e-02
6.572003059765664512e-02
6.529742599351225085e-02
6.487132162245526357e-02
6.444766045079322603e-02
6.402120901800166519e-02
6.359604326218186443e-02
6.316822639034572195e-02
6.273876116154347704e-02
6.231135493372303574e-02
6.188119246552513386e-02
6.145472994069933748e-02
6.103099125395956837e-02
6.061160146345446337e-02
6.018972701742712067e-02
5.977226507916138382e-02
5.935462068839510857e-02
5.893989141720849118e-02
5.853086795454533892e-02
5.812289255408797928e-02
5.771421263915517408e-02
5.730888349874346116e-02
5.690538682993809272e-02
5.650593654235079588e-02
5.611062035679078436e-02
5.572153715312791467e-02
5.533823246460409240e-02
5.495057186149055611e-02
5.456325609648189634e-02
5.417985441197106095e-02
5.379671403299914750e-02
5.340912593330215952e-02
5.302557696908655888e-02
5.264285126534386239e-02
5.226777463481214331e-02
5.189633734615260036e-02
5.152487623340518130e-02
5.115772066734686901e-02
5.079167508919957275e-02
5.041956127265011245e-02
5.005006572688056043e-02
4.968034777129373691e-02
4.931044514021536845e-02
4.894209490015873770e-02
4.857225759565898110e-02
4.820620818019317327e-02
4.784184651721987147e-02
4.747458491536675484e-02
4.711001806697281274e-02
4.674797959500611583e-02
4.638966525732542839e-02
4.603458731368665485e-02
4.567986073152317111e-02
4.533221133124544500e-02
4.499113996554107708e-02
4.465207921751989523e-02
4.431755396853676032e-02
4.398509506432483895e-02
4.365428748522606067e-02
4.332432103157318054e-02
4.299612200192151623e-02
4.266761436760990039e-02
4.233779348751988414e-02
4.201076412890583645e-02
4.168285879845911451e-02
4.135462502525327072e-02
4.102809663976274973e-02
4.070431584820441429e-02
4.038119427541180667e-02
4.006045947274678581e-02
3.974498843572056572e-02
3.943151002164264202e-02
3.911962134278820086e-02
3.880939617246396967e-02
3.849856546329027962e-02
3.819048402614276527e-02
3.788281040640875674e-02
3.757483944797589126e-02
3.726650060820375227e-02
3.696061582918831745e-02
3.665803918182775067e-02
3.635424407910265582e-02
3.605573752504801638e-02
3.575612875865247925e-02
3.546023410819863775e-02
3.516466652809454446e-02
3.486810494863754051e-02
3.457395055448657384e-02
3.427753325948261487e-02
3.398430584912195962e-02
3.369134161579546288e-02
3.339936542798559865e-02
3.311172945285299762e-02
3.283018501050344318e-02
3.254827300564137188e-02
3.226741098619798076e-02
3.198824549026173247e-02
3.171139733355422125e-02
3.143226355958419344e-02
3.115000839754295675e-02
3.087165790986487121e-02
3.059881549799165629e-02
3.032778419266398545e-02
3.005997306914121037e-02
2.979687340197165538e-02
2.953570441135073762e-02
2.927417617275761622e-02
2.901803925983448967e-02
2.876665607834745855e-02
2.851777072469804941e-02
2.826954098057799999e-02
2.802240820264401480e-02
2.777732574688034084e-02
2.752827009036799832e-02
2.728157111568223214e-02
2.703291000329735225e-02
2.678623583827233201e-02
2.654263239428229434e-02
2.629942014894237970e-02
2.606299086654242578e-02
2.582603758017589304e-02
2.558701813146853354e-02
2.535092520584690187e-02
2.511717390177841541e-02
2.488722676860746080e-02
2.465814867824327877e-02
2.443139543765225630e-02
2.421118959203836726e-02
2.398950758569877093e-02
2.377240737198332843e-02
2.355307291445606077e-02
2.333636077463649774e-02
2.312503934158140206e-02
2.292011706155985470e-02
2.271627937860599619e-02
2.251250670843193274e-02
2.230612512101052061e-02
2.210239740809827672e-02
2.189766859776681035e-02
2.169376547778042660e-02
2.149319684753741438e-02
2.129209247405897121e-02
2.109166989281871518e-02
2.089253475013952768e-02
2.069726388289362673e-02
2.050388662658904002e-02
2.031581639586977836e-02
2.013365092723722397e-02
1.995017187917005191e-02
1.976483593482588133e-02
1.958318634975814848e-02
1.940478196195265237e-02
1.922838055645009758e-02
1.905318249667282623e-02
1.887946127637240776e-02
1.870817603530748954e-02
1.853808408064764462e-02
1.836720612712221951e-02
1.819493778104469203e-02
1.802377690635264401e-02
1.785530394601754153e-02
1.768790430646592290e-02
1.752112634462671056e-02
1.735800674746314567e-02
1.719540293176940321e-02
1.703730376981823710e-02
1.688033228701110028e-02
1.672493421888588544e-02
1.656828387157605054e-02
1.641669186528561808e-02
1.626446958054725625e-02
1.611517931595847497e-02
1.596612590647033744e-02
1.582031912277242700e-02
1.567153384859078930e-02
1.552428330235210326e-02
1.537846141152690062e-02
1.523505539940548346e-02
1.508882471815293363e-02
1.494565707627064886e-02
1.480429151329055136e-02
1.466504181983621126e-02
1.452874754836588726e-02
1.439154998211274877e-02
1.425753401366070677e-02
1.412478462475138738e-02
1.398945984847774042e-02
1.385668247995510902e-02
1.372883320874842931e-02
1.360361887978699461e-02
1.348109262147152536e-02
1.335798685545784396e-02
1.323402187031108915e-02
1.310943022189635723e-02
1.298942987080446178e-02
1.287093933149278425e-02
1.275197772202337626e-02
1.263242845577175998e-02
1.251316610357154809e-02
1.239477859776174848e-02
1.227640310083817805e-02
1.215933756573199520e-02
1.204409462368457619e-02
1.193001148889687169e-02
1.181874852965264337e-02
1.171149242493607807e-02
1.160634526440051766e-02
1.149968027666452459e-02
1.139487378280011447e-02
1.129641876265135431e-02
1.119687726705160744e-02
1.109697103145138725e-02
1.099516260734014969e-02
1.089402817178310341e-02
1.079020763613161918e-02
1.068455839645879486e-02
1.057932678545380964e-02
1.047692862549454845e-02
1.037510938555339865e-02
1.027595829454638031e-02
1.018140292597941726e-02
1.008575342245000665e-02
9.989369423870401998e-03
9.890719307041984792e-03
9.790281805642335466e-03
9.690296160857351029e-03
9.592568784425554995e-03
9.493282022014633628e-03
9.396321407107702597e-03
9.300792292589763616e-03
9.202515872183193377e-03
9.103054697247349447e-03
9.003541868566597439e-03
8.903524819651001052e-03
8.801963554406462900e-03
8.703371991913238723e-03
8.605798786913847892e-03
8.509487109767855870e-03
8.411797076146552976e-03
8.315836408543626074e-03
8.224392093236207457e-03
8.134346410132968150e-03
8.046881881853262808e-03
7.960587979523866403e-03
7.874181441754097774e-03
7.787072912413745170e-03
7.700768273138601343e-03
7.616724620829042752e-03
7.536496060448805850e-03
7.456326008089260264e-03
7.375453897419705085e-03
7.291879316798408929e-03
7.211486614866766467e-03
7.132634718277705219e-03
7.056169708019584090e-03
6.980222410516267149e-03
6.906494895142014333e-03
6.835800954704474713e-03
6.764820775577486296e-03
6.694123661285036019e-03
6.619849299353139198e-03
6.547877798298330776e-03
6.475968822844864643e-03
6.401987713237098331e-03
6.324992449166956868e-03
6.248823775395241642e-03
6.172025907422529732e-03
6.096598651741795896e-03
6.025033020850458464e-03
5.954283246759174177e-03
5.886555525182455596e-03
5.819105819885287897e-03
5.754331981428616877e-03
5.689418388331824068e-03
5.623909721040931675e-03
5.558572647248422732e-03
5.496022316225921030e-03
5.433482256821457225e-03
5.370154256273932877e-03
5.308121301062714535e-03
5.247815076593745527e-03
5.187240498850441937e-03
5.129599375007259932e-03
5.072159901048310313e-03
5.017158132096384907e-03
4.962874539328600808e-03
4.910749423392164054e-03
4.861618645371383780e-03
4.810140836529659854e-03
4.759563639856188508e-03
4.710870732349019784e-03
4.659618203778225116e-03
4.608924501272795328e-03
4.558405843190586545e-03
4.508373049230256571e-03
4.458501549139816215e-03
4.409294401501361906e-03
4.360760046365336033e-03
4.313119329934337470e-03
4.264919055211795033e-03
4.217510744472245839e-03
4.168493780034711847e-03
4.119383314582405163e-03
4.071183643723626407e-03
4.022903526508551583e-03
3.976819013945664429e-03
3.930081846026723703e-03
3.885103027993206271e-03
3.841213929189878692e-03
3.797231567706089907e-03
3.753932251859402446e-03
3.710312886762882640e-03
3.666392342564844201e-03
3.624687730942499804e-03
3.585556111762613213e-03
3.547551696802323223e-03
3.513349457341499553e-03
3.477517187450355433e-03
3.441937817556749678e-03
3.406704356399035266e-03
3.371373134352457536e-03
3.335358229112922717e-03
3.297764850939704021e-03
3.261061281751158423e-03
3.223506582375009009e-03
3.186635825621792015e-03
3.148868657003415627e-03
3.109760926519420255e-03
3.070784230310463422e-03
3.035155979734800551e-03
2.997580449382500518e-03
2.959663320691818984e-03
2.923282000248217383e-03
2.887522976112616522e-03
2.851583144417739468e-03
2.818269262388686282e-03
2.786637059236923755e-03
2.753564085767093092e-03
2.719260736426783089e-03
2.686204625127488598e-03
2.654904770398178442e-03
2.623722263770790573e-03
2.592684517877597190e-03
2.560289378470058559e-03
2.534783566006980956e-03
2.512789360053751218e-03
2.491746701831316132e-03
2.470672421968517999e-03
2.450234773464928743e-03
2.430693316319931015e-03
2.411184387775954820e-03
2.392806307703502361e-03
2.374305698672304205e-03
2.354287696473832646e-03
2.334954515126873645e-03
2.316603920796125524e-03
2.297526870528038799e-03
2.276688549173008953e-03
2.256111957051868191e-03
2.235622198451664433e-03
2.216366666344813090e-03
2.197454166317229247e-03
2.177817832818789920e-03
2.159628934243656203e-03
2.139776552497876360e-03
2.120678420836720479e-03
2.101835105832738221e-03
2.083902720432144386e-03
2.067267600065075990e-03
2.051252925319882719e-03
2.034221706396102756e-03
2.016992371218095329e-03
2.000519649561824983e-03
1.983678752198763783e-03
1.967983453294249330e-03
1.951857150057996178e-03
1.936482824825588043e-03
1.921087197788609200e-03
1.903609227605678128e-03
1.886576813309863735e-03
1.869925930821422690e-03
1.853775696356359725e-03
1.837826002878392272e-03
1.821957024381548780e-03
1.805812216191682350e-03
1.790690385218023225e-03
1.776250186836477547e-03
1.762131976544049948e-03
1.746678105448923888e-03
1.730444175921667460e-03
1.714705961521564804e-03
1.699749162152187475e-03
1.684939182625703720e-03
1.671479620453205544e-03
1.659253929632343617e-03
1.646096646899173439e-03
1.632272596192152437e-03
1.618377034212265019e-03
1.604367809475651862e-03
1.590773318528877073e-03
1.577288535711805686e-03
1.564242791303166631e-03
1.550214822505388947e-03
1.537158932845386280e-03
1.524846793168211506e-03
1.512357789225989230e-03
1.501541806632805589e-03
1.490500147265897465e-03
1.478470228050439818e-03
1.466084313875211506e-03
1.454601176460114127e-03
1.444371292419452651e-03
1.433707033694220151e-03
1.424391538843240105e-03
1.413818159053406359e-03
1.404307218764192129e-03
1.396225373284496266e-03
1.388400653520367083e-03
1.380903770094164167e-03
1.373002069017482604e-03
1.364965529010161082e-03
1.357112217432969795e-03
1.348922433738750874e-03
1.339624216062357872e-03
1.329272224736818614e-03
1.319054219806728000e-03
1.309882379753657400e-03
1.300787674851982319e-03
1.291459906898959585e-03
1.283514684500977306e-03
1.276056073384385396e-03
1.267667683589150879e-03
1.258447161998884137e-03
1.250258045836601193e-03
1.243595569077087654e-03
1.236563396616462097e-03
1.229468437020691607e-03
1.221791326898692210e-03
1.214824617587540118e-03
1.207859371702798895e-03
1.201916570547043994e-03
1.195809715166473502e-03
1.191039941331663082e-03
1.186636596689279394e-03
1.181957478916434911e-03
1.176841571386844608e-03
1.172654701934859166e-03
1.167974477607513877e-03
1.164683002866041513e-03
1.159817837676880821e-03
1.153113008102862012e-03
1.146653691175031570e-03
1.139708565156016947e-03
1.132720440329289778e-03
1.124946705005425499e-03
1.117243918855784180e-03
1.108869380330708941e-03
1.101101784028786935e-03
1.094167839583969461e-03
1.088232114209979539e-03
1.081777648874546671e-03
1.075221864058908744e-03
1.068980281880758075e-03
1.064146309352928445e-03
1.060796467355398440e-03
1.057521626391624186e-03
1.054338326546447151e-03
1.051121967915245479e-03
1.047757753026134359e-03
1.044299319209584381e-03
1.040930177257030258e-03
1.037596580150408404e-03
1.034375042826961300e-03
1.031090116656813681e-03
1.027799893695754150e-03
1.024249952263318409e-03
