1.507698444468256183e-01
1.554846830725138407e-01
1.518609986705918846e-01
1.506466972294600026e-01
1.450161147368447256e-01
1.481060930618777194e-01
1.494791625270794899e-01
1.404230181849328574e-01
1.402202072454525883e-01
1.444837676791403958e-01
1.402838112877142773e-01
1.492945864261374656e-01
1.396800476457451534e-01
1.408570554898829208e-01
1.472545804553824222e-01
1.512049723734717466e-01
1.417505818189627176e-01
1.468973872429097938e-01
1.335697150495759322e-01
1.386904914408442213e-01
1.454400208512555137e-01
1.367246736746623448e-01
1.464520864178040505e-01
1.415629442334818133e-01
1.394150531615616639e-01
1.406301855071061535e-01
1.383950612631050792e-01
1.361985680655424247e-01
1.356133080730396179e-01
1.386148521169894288e-01
1.370642690270067465e-01
1.349785708575841348e-01
1.361838995559471188e-01
1.340733373969748010e-01
1.343697571395180423e-01
1.325292853701225404e-01
1.351577935630416949e-01
1.371539099225802527e-01
1.314534948379117996e-01
1.347652978882643016e-01
1.294824838552821600e-01
1.294500389829618126e-01
1.306901450985520352e-01
1.407267259393933934e-01
1.341630272954053016e-01
1.370946012001028613e-01
1.321309907983527765e-01
1.259832851921039998e-01
1.274657700067243216e-01
1.318797488399163775e-01
1.379366986719426924e-01
1.254729166868304713e-01
1.305726548651269248e-01
1.304122556843325675e-01
1.274888127600678489e-01
1.290193958341209202e-01
1.253952553221617805e-01
1.282409126193054805e-01
1.279753213509057241e-01
1.246105084528055240e-01
1.256421430834350206e-01
1.182055686269862793e-01
1.248875843224439564e-01
1.245686207633179832e-01
1.262525233849867146e-01
1.259922113333793448e-01
1.215308170834683565e-01
1.244821009246104282e-01
1.229767477858937363e-01
1.207671874328055672e-01
1.197321639172050922e-01
1.132823277149486163e-01
1.196328274977147554e-01
1.236608487341341878e-01
1.207255795785289187e-01
1.159304291993903391e-01
1.224067336992320509e-01
1.228170199996754253e-01
1.183070881073826630e-01
1.217351821858884131e-01
1.150903289116493866e-01
1.184998253114012412e-01
1.157353744450982935e-01
1.182339093844628763e-01
1.207268847435242209e-01
1.151731666762791928e-01
1.181536688985583838e-01
1.183106610137460990e-01
1.156058797413080930e-01
1.138667219233808758e-01
1.167824842203428748e-01
1.151021396596934032e-01
1.130714096819469550e-01
1.110392972115442634e-01
1.143620409771920476e-01
1.178161700825270941e-01
1.107900053192760748e-01
1.090464827888179000e-01
1.180204688636314891e-01
1.091382829159620593e-01
1.123928258153756854e-01
1.096801773161039106e-01
1.164914204149680721e-01
1.116560492284088824e-01
1.138775723008338403e-01
1.108794332202853727e-01
1.137225580815899306e-01
1.099058678070666817e-01
1.080951198910378164e-01
1.103168859956108472e-01
1.087510002668550246e-01
1.122489072769021767e-01
1.083874857387674417e-01
1.083390597782980524e-01
1.072915224721340266e-01
1.104663842349198344e-01
1.062206639392487828e-01
1.074788732402225389e-01
1.000918149244363065e-01
1.034979102507057602e-01
1.027507780756318212e-01
1.033535884185912135e-01
1.017044903258313981e-01
1.039045449089999185e-01
1.013265257421975818e-01
1.085294130022318448e-01
1.033543957419051917e-01
1.021954413538093132e-01
1.039635656481221471e-01
1.004156003771955463e-01
1.051324465131353580e-01
1.013444375215631910e-01
9.909966306968676086e-02
1.041892682520819680e-01
9.884366573711822479e-02
9.954229269053038731e-02
1.022212621356296536e-01
1.037247919781747463e-01
1.039627080879971244e-01
1.023345164098153903e-01
1.022846200401732464e-01
9.373106619781990112e-02
9.939131070695994552e-02
1.030117829283777597e-01
9.311148413402947632e-02
9.587162209475685870e-02
1.025519460896229251e-01
1.038377520593105618e-01
9.423085017160759413e-02
9.929886369361307086e-02
9.725321418365839854e-02
1.029664030304863198e-01
9.550455841731197992e-02
9.454900064183302533e-02
9.087038659272062002e-02
1.031707550315886790e-01
9.475416894445509719e-02
9.546254749101423798e-02
9.431010344083656793e-02
9.577629062653425507e-02
9.569063491553597700e-02
9.423084224219024918e-02
9.437943893215905433e-02
9.156885869233644115e-02
9.999699073843526520e-02
9.284309480283914340e-02
9.652047417825426745e-02
8.989239869740195399e-02
8.795927949745285801e-02
9.316699384355664471e-02
8.841899044053902479e-02
8.841743017003544924e-02
9.415905384297529324e-02
9.281010889496532634e-02
9.097708904615919856e-02
9.231909932608850511e-02
8.703264604633198509e-02
9.090893453376014399e-02
8.767403296528697432e-02
8.472560327439282446e-02
8.874749848737417679e-02
9.070132409958042707e-02
9.290832088214140416e-02
9.047714806544870925e-02
9.038235374170311420e-02
8.555422628013453767e-02
9.259521226956457518e-02
8.825873920976579079e-02
8.757413203821873271e-02
8.268794332424334037e-02
9.021123464923697099e-02
9.025468709717399118e-02
9.055159161798154166e-02
9.104807962017535949e-02
9.096855071725351571e-02
8.939561347441582484e-02
8.515693830896098326e-02
8.216394328345577591e-02
9.209264257020666200e-02
8.823380948217052211e-02
8.888798090403371432e-02
7.852660937919264672e-02
8.212957491648698038e-02
8.357335223798978419e-02
8.563758978681557110e-02
8.440355690488554607e-02
8.393951712158664868e-02
8.256594528046723447e-02
8.313169670270403877e-02
8.265022158846713207e-02
7.624974633138870139e-02
8.448659957640325402e-02
7.808959504131329776e-02
7.743645387231823385e-02
8.368999239139185420e-02
8.541521560149778480e-02
8.631227251450357407e-02
7.652270720453513420e-02
8.197697692995220553e-02
7.861715652383494124e-02
8.003160373657547400e-02
8.515166524573491991e-02
8.208067955168618646e-02
8.957277083090553482e-02
7.979366879398863688e-02
8.604639692150062302e-02
7.916651407658203965e-02
8.016406095980221913e-02
7.927402373413450221e-02
8.688903674125370014e-02
7.726718698930601370e-02
8.485999765400042971e-02
7.707179187994928071e-02
8.168704714730035121e-02
7.995095775124794191e-02
7.889609069399949881e-02
8.002502739559425038e-02
7.887047256844015308e-02
7.174829689840211966e-02
7.974077514734523309e-02
8.186382041497974882e-02
7.573240548787629756e-02
7.199959615626161380e-02
7.395234208686229938e-02
7.310910136093839995e-02
7.435036486075508044e-02
7.612698044907673101e-02
8.090422310975842191e-02
7.231245118342188860e-02
7.660466009888422523e-02
7.354323579524957299e-02
7.082022358981576726e-02
7.073378837659949347e-02
7.929278320604637997e-02
7.181818432457487411e-02
7.547428107828224597e-02
7.506114977302369429e-02
7.411119725611881037e-02
7.025098136093488321e-02
7.609720735300584682e-02
7.354829982789690135e-02
7.268607014391692545e-02
7.825265818640381177e-02
7.430826364377418614e-02
7.133491723807061646e-02
7.618013905983789247e-02
7.562763445618925218e-02
7.414736195570981181e-02
7.599032261236471353e-02
6.976543757684439129e-02
6.676004280644032285e-02
7.813311308408132927e-02
6.801257799509863311e-02
7.225006696401670148e-02
7.225494664920728560e-02
7.442133348833557260e-02
7.021791601075344502e-02
7.330818757407753239e-02
6.836231207565846013e-02
7.132169998547255307e-02
6.902904737387016709e-02
6.753244718402839908e-02
6.949610848020770781e-02
6.826271444338538608e-02
6.791934275650901576e-02
7.220436039159872088e-02
7.077523925693640638e-02
6.721674094756613371e-02
6.763437931180993345e-02
6.956696207091095374e-02
7.257719894979874908e-02
6.668607483957933457e-02
6.717273970969728225e-02
6.577124700568548477e-02
6.879402106412613183e-02
6.863709288075348081e-02
6.968558271054703379e-02
7.046285515246331066e-02
6.407075370254733393e-02
7.166549953049061727e-02
6.716118540498183798e-02
6.462250728443708070e-02
7.042402103834932703e-02
6.516627482524217641e-02
6.204948311137525874e-02
6.974389606878328429e-02
6.607837109385772401e-02
6.400888391564019120e-02
7.279773148790025239e-02
6.604809676671152818e-02
7.025901512173793328e-02
6.548970315129443165e-02
6.435500290280116165e-02
6.315208581379949671e-02
6.267399258991224187e-02
6.670191111683865248e-02
6.570578769469070934e-02
6.698401719866997617e-02
6.566276213480248813e-02
6.395078422348199343e-02
6.042456230359671832e-02
6.213268987846676250e-02
6.319600590989016276e-02
6.718836547736994902e-02
7.081237030738107840e-02
6.729668096447249948e-02
5.859656233157406469e-02
6.388226482131775796e-02
5.766438117821859333e-02
6.294953988559615077e-02
6.565242125200732026e-02
6.195017610569353295e-02
6.583503289017400562e-02
6.452412646029670462e-02
6.341743768710439433e-02
6.618514051611246174e-02
5.731449148439449193e-02
6.501746916776673935e-02
6.731222381104340347e-02
6.198968515972114179e-02
6.066221046032793662e-02
5.983004072858000288e-02
6.209317074710307693e-02
5.836118451894223291e-02
5.559656003030766236e-02
5.774306654960670304e-02
6.298034345731262640e-02
5.694709510789430773e-02
5.828391492194906487e-02
5.683248144477159869e-02
5.585972502974612119e-02
5.828231320102084112e-02
6.130518756006919645e-02
5.756940962922829641e-02
6.379544327271524651e-02
5.790008834680304695e-02
6.206151591464603712e-02
5.979093728796813778e-02
6.255227190620682443e-02
5.526611151494631446e-02
5.728545118894279309e-02
5.330332496686729371e-02
6.126354706692449525e-02
5.477820021255142002e-02
5.754918346649606775e-02
4.827584328120371193e-02
6.051211691696867234e-02
5.825305746479647606e-02
5.071857250192457478e-02
5.318758185258176674e-02
5.647389979352013256e-02
5.150813363841533210e-02
5.664924197536436168e-02
5.590356690330589018e-02
5.806303321462236156e-02
5.544484550303574455e-02
5.127820301331320607e-02
5.605353968065585057e-02
5.379563680058629949e-02
5.203562000976336144e-02
5.707021194454109381e-02
5.386428738402271321e-02
4.885427747476034366e-02
5.257626943898863203e-02
5.499646930078094798e-02
5.551048228346167068e-02
5.251426169115291920e-02
4.943137442457956610e-02
5.187088633831926643e-02
5.186058942535520799e-02
4.938106143054743491e-02
5.339408693747471624e-02
5.362021150263807101e-02
5.592976728743692671e-02
5.178940635053075336e-02
4.925419204646308557e-02
5.043571750053987834e-02
4.962627112026785081e-02
5.361726984468384583e-02
4.497629673674130579e-02
5.161116599826454099e-02
4.581368631547810821e-02
5.646148280046725532e-02
5.114040343797965349e-02
5.608885770350591216e-02
5.376885265052167018e-02
4.994054380327728193e-02
4.742156421154453128e-02
5.247107104621362428e-02
4.787601256858142751e-02
5.504922320398986102e-02
4.739688557108001632e-02
5.041205362617517949e-02
4.905949603010595350e-02
4.386231948119623247e-02
4.513363542189585687e-02
4.767661566444791887e-02
5.138652724137848793e-02
4.786381081551205341e-02
4.469610486814445949e-02
4.587176179523932973e-02
4.301555312365146211e-02
4.647940898480329430e-02
4.628939141128729506e-02
4.821840457674886338e-02
4.435035939974407704e-02
4.429560462880222094e-02
4.825388070507252714e-02
4.793310451153942608e-02
4.598359307676291863e-02
4.672362330131329955e-02
4.394602074050002471e-02
4.938810770907831049e-02
4.189959230957351899e-02
4.599494120910074813e-02
4.146959438015840327e-02
4.665258342238942646e-02
4.483902573562148497e-02
4.866738740099763039e-02
4.642768646078887507e-02
4.361910638478150304e-02
4.345590397884380174e-02
4.614192432292885115e-02
4.277091276101674389e-02
4.576541938196931891e-02
4.577485526758673373e-02
4.030168223177543751e-02
3.930647810243881324e-02
4.523077747092618672e-02
4.353698723218546451e-02
4.141738071339873262e-02
3.683700675840517746e-02
3.958984644673946285e-02
3.967080304349823727e-02
3.855441074666698942e-02
4.505768674023746811e-02
3.893126260824975038e-02
3.703078746560994894e-02
4.163452114956911476e-02
4.582180323346896067e-02
4.277287903754478648e-02
3.936331134391890529e-02
3.907965376755462295e-02
3.912352720775902348e-02
3.753680933367542494e-02
4.231226883943295380e-02
4.528582684575288564e-02
3.777599536168696481e-02
3.896736045735704757e-02
3.958001199874550124e-02
4.089516822202998725e-02
4.059621804430157965e-02
3.378537078530441384e-02
3.861522546391804589e-02
3.331205735567865922e-02
3.597681534845531548e-02
3.692449481408566214e-02
3.280271490522723710e-02
3.081117119632237333e-02
3.575631532857548311e-02
3.318229441873443708e-02
3.678439377732400928e-02
3.832087851688392721e-02
3.651879466659258000e-02
3.344264944201547074e-02
3.335353760989701044e-02
3.651981055496800188e-02
3.920953210418487433e-02
3.751393506027400626e-02
3.484673926417991563e-02
3.657074216652778098e-02
3.519135950058349671e-02
2.832458428747264279e-02
3.375298179126251519e-02
3.560248104756791321e-02
3.313977729661488070e-02
3.785929926913333965e-02
3.353630994701006784e-02
3.682522001849786175e-02
3.382034413786882965e-02
3.319930428305783998e-02
3.139212417440173652e-02
3.361181031322590940e-02
3.767427132332357154e-02
3.324656060742925412e-02
3.252744373160965097e-02
3.184556368224034095e-02
3.007231459037185139e-02
2.991264107236069059e-02
2.924652181614229018e-02
3.187664364162023922e-02
2.830293791534543857e-02
2.778520984765275870e-02
2.921443634690568114e-02
3.415388458792412152e-02
3.029549068552062074e-02
3.090560735585601293e-02
3.019351586352381211e-02
2.740794006407532013e-02
3.300741172966614734e-02
3.049531305626906885e-02
3.380608115489280863e-02
2.919843235206465160e-02
2.842620125425221467e-02
2.957436363885546093e-02
3.005092274192866508e-02
2.617028532500276228e-02
3.038951446037263526e-02
2.666454899958403679e-02
2.737103550964392618e-02
2.411670000267374103e-02
2.461721983664899582e-02
3.320686918084925221e-02
2.630818669007783939e-02
2.877397880203336200e-02
2.816706729530293885e-02
2.559675338713729431e-02
2.306731662586614107e-02
2.542993753692934789e-02
2.604187426014914486e-02
2.538567583301498676e-02
2.861523883340977292e-02
2.688313959911958761e-02
2.320755591663825612e-02
2.813896856313735650e-02
2.540568559703348939e-02
2.536474905140417846e-02
2.806485704364347633e-02
2.805280277478860995e-02
2.332601835908598709e-02
2.582529961324797618e-02
2.465014762719019981e-02
2.198017462544754608e-02
2.279783963620396481e-02
2.272101441410256939e-02
2.487699636773821332e-02
2.247496558300388081e-02
2.113139015693543676e-02
2.002026169775539266e-02
2.070166910268922411e-02
2.390896593300007034e-02
1.946583485539998826e-02
2.280162807331898023e-02
2.241941435245831116e-02
2.631525099995446482e-02
2.142852470896783323e-02
2.161618021353750585e-02
2.194426136509108893e-02
2.216707232831316432e-02
2.211929349910157772e-02
2.421493096640703335e-02
1.840467490628916458e-02
1.874655430873040096e-02
1.835989882600463918e-02
2.195668203078393610e-02
2.308699391042412508e-02
1.908651620749113320e-02
1.925199809717503818e-02
1.654688135543369576e-02
1.528981381506921977e-02
1.684140443957682365e-02
2.156473414922754905e-02
2.164232430392531992e-02
2.155320278476491325e-02
1.925275157816153104e-02
2.336670197489987277e-02
1.765241270302664311e-02
1.739808138282705752e-02
1.616126082125424190e-02
1.952855283711518730e-02
1.683415987700209726e-02
1.759291782339034160e-02
2.244987867373671175e-02
1.690872356395689557e-02
1.675469036673948864e-02
1.669041611698585115e-02
1.802945720400284113e-02
1.555803586034487651e-02
1.509582351687144275e-02
1.805400669220258436e-02
2.028823687506697837e-02
2.194246850287329131e-02
1.718587492609402467e-02
1.485714821342143388e-02
2.093223975246094604e-02
1.656444583458649422e-02
1.847967505463121718e-02
1.422198828221366007e-02
1.486541940425190056e-02
1.506437189356746309e-02
1.474753308648413253e-02
1.575674207885402467e-02
1.477069146952347811e-02
1.571496508585168428e-02
1.373820558422877980e-02
1.831310075351244571e-02
1.038816320390378856e-02
1.586213235010869305e-02
1.635156893311817683e-02
1.352599448215952016e-02
9.042636775713930319e-03
1.398064335940141234e-02
1.263653851140911222e-02
1.481164867324258338e-02
1.320057467683721786e-02
1.457568460333491522e-02
1.609181044494778501e-02
1.382571601830107078e-02
1.576341779490508799e-02
1.248686737741122599e-02
1.602871427309737751e-02
1.039151023224405002e-02
1.257901731607269369e-02
1.367526010892272659e-02
1.141975021752272834e-02
1.316388101650023401e-02
1.215811569577263107e-02
1.134523540351994875e-02
1.151797672455712185e-02
1.319277235509419555e-02
1.060372952064814189e-02
1.238595367390271651e-02
1.239516869224555062e-02
9.851692720633131728e-03
1.076413219209881866e-02
1.157082836065048692e-02
1.016987808237868052e-02
1.290143682388356083e-02
1.071303223194886023e-02
1.072259990583357414e-02
1.125085070722797731e-02
9.597270921112732722e-03
1.255202558434853621e-02
9.526764475257021303e-03
1.230800769270601336e-02
7.143373851998591206e-03
1.125802667934250323e-02
9.704218626658489555e-03
1.317562685771811459e-02
1.290098772119874226e-02
1.213771478322511754e-02
8.371398285580422538e-03
1.116023464056414838e-02
9.225111449662981578e-03
1.186941928111273636e-02
8.020071613612067551e-03
8.687137358516228147e-03
1.143091747338664810e-02
1.091238301833308277e-02
7.994688466664623405e-03
9.074113973827069302e-03
1.045323095350880749e-02
9.603245105767932444e-03
8.123221655021772847e-03
8.358377321001309035e-03
8.293886175480880141e-03
9.010678024974905220e-03
8.238206853898866200e-03
7.870621054964388463e-03
8.772010304914479306e-03
8.830275323706504587e-03
8.986000027092266862e-03
8.798427101646799642e-03
7.362537967118498727e-03
7.786678949910141867e-03
7.185495355581550392e-03
8.231537603880401122e-03
1.030514213829092363e-02
1.095935722359420161e-02
8.261208714338774683e-03
8.181234103623813425e-03
7.884798593092101626e-03
1.065882501901049828e-02
8.707553148811442156e-03
7.421513179573846486e-03
8.377825171492769840e-03
6.648913616858154185e-03
1.043882765221781916e-02
6.390929735915040766e-03
1.072451865967016804e-02
5.415322331181915416e-03
7.532049051134914741e-03
6.581068595350014760e-03
7.341216969020569749e-03
4.942160693469643817e-03
5.145407649072453182e-03
4.113681770975929908e-03
7.077944001681935049e-03
6.392664941977876936e-03
7.355532305768130996e-03
6.280693991085883887e-03
5.599675964036876508e-03
6.608474675376951879e-03
6.622672146267993831e-03
7.190038391040376453e-03
6.023924071647202005e-03
6.510708734499770500e-03
6.087373835282461343e-03
5.677828064665657593e-03
5.931663282870980325e-03
6.049506684803640510e-03
4.871252038058271339e-03
8.815788458442441744e-03
4.488488683895286435e-03
6.813716052932683453e-03
5.944008081393836740e-03
6.214973757207697957e-03
6.068472509050737429e-03
7.506779564186660814e-03
7.562085669348350692e-03
4.493349595342976954e-03
5.823197389412282376e-03
5.557791998109018472e-03
4.828306664610648724e-03
5.897761708822724103e-03
5.439420812097917057e-03
5.722908456708308833e-03
3.948522629733997036e-03
5.808667879696138847e-03
6.028987750166026061e-03
6.483156604710993420e-03
4.810775372878217659e-03
4.490764978746786262e-03
4.336450546872594458e-03
4.462802113983643792e-03
4.613003205149235342e-03
4.962872504743698343e-03
4.899921288732844715e-03
4.948347429449384549e-03
4.822163451750571816e-03
4.372525380503367032e-03
3.956999584421527771e-03
5.924404320216902775e-03
3.327732894854440460e-03
3.156178265381504033e-03
4.943963636495740666e-03
4.207075951465633068e-03
5.102569291369762894e-03
3.409432423092328968e-03
4.869123105039396826e-03
4.925016975417362275e-03
4.246666784067043565e-03
4.586483371702310130e-03
3.505747481063803406e-03
3.386441207924750785e-03
3.894674887580773515e-03
4.151938548734079859e-03
6.021387927003796214e-03
3.585317875783311514e-03
2.725722203576141922e-03
3.565267917571057765e-03
2.417447395973049140e-03
3.162788936310612087e-03
3.166987155955425237e-03
4.004027489085792979e-03
4.649318822615322588e-03
2.963560140631704698e-03
4.308972444461711682e-03
3.655364760872581442e-03
2.528946234779505531e-03
2.692040830497122172e-03
3.961203689142323014e-03
3.049572891540508479e-03
3.071681168223205916e-03
2.379402211308501158e-03
4.023459070195967158e-03
4.787708659136136191e-03
3.275041751421126079e-03
1.910599375879451500e-03
3.918776086955566562e-03
3.405766622446515512e-03
2.819832044158587792e-03
3.319019264977129957e-03
3.908736721079053567e-03
3.047806874539649158e-03
2.792996425065918942e-03
3.313892559639430857e-03
4.249960351694337390e-03
3.005787704621898371e-03
2.871658834501911173e-03
2.667895238304018868e-03
4.547642405312468661e-03
2.507856920217710339e-03
2.178120921766724116e-03
2.492946711086241329e-03
2.930412482419209041e-03
3.328237499989894488e-03
2.430764769220772337e-03
3.410983907499165468e-03
3.198112896893201551e-03
1.795269003008526099e-03
2.534327773085487401e-03
3.001420770685658823e-03
1.952063536045045566e-03
2.750166598568082321e-03
3.568721998400636863e-03
3.443253924113376385e-03
2.512387656356085408e-03
2.785140394950369469e-03
3.317607600385463762e-03
1.978413077823093502e-03
1.923221565720556470e-03
2.248436697926070593e-03
3.579003906893918341e-03
2.094629249115964598e-03
2.498425763839184910e-03
2.544536733367852577e-03
2.164506041588243335e-03
2.255884183804623966e-03
2.447661474938023218e-03
2.665540185389891903e-03
1.753878082978777009e-03
1.497319093221483044e-03
3.152918023758943811e-03
2.555333075516363905e-03
2.572396288586298319e-03
3.061318520396927312e-03
1.908382108275930023e-03
2.583313648453433586e-03
1.154066502972894703e-03
3.018874354010714356e-03
1.832810402183970844e-03
2.026271355128228535e-03
1.269690735595352393e-03
2.386696493098749983e-03
1.615374815022274646e-03
1.558527979800827801e-03
2.986099020242605206e-03
2.253064456087194856e-03
1.942006077197966363e-03
1.153066286820214614e-03
2.351254696170035352e-03
1.927035730695303428e-03
1.421413863798903776e-03
2.285992976295503354e-03
1.287510077227160821e-03
1.677818414067555608e-03
2.072663870333224523e-03
1.718742708982645695e-03
1.712323127843862203e-03
2.193264605619971164e-03
2.563430582390724410e-03
2.582145981473216168e-03
1.719995807791363518e-03
2.645140262030443168e-03
1.999600063065654076e-03
1.632618133525998161e-03
1.568584837149500366e-03
1.951739916457917445e-03
1.852743007505042172e-03
2.376837155986355477e-03
1.417679813224048679e-03
1.735752367020504394e-03
2.207388495844231358e-03
2.009134390403399806e-03
1.969668361284870883e-03
2.225416123921353240e-03
1.395445668647798954e-03
1.590352741408285198e-03
1.364347937732324212e-03
1.748578671299627629e-03
1.727805266212856239e-03
1.077932511865831167e-03
2.466605836204949220e-03
1.614520399526253591e-03
2.428718102859273031e-03
1.635709423612907720e-03
1.124373932426703249e-03
1.538741549517053109e-03
1.459099782517903066e-03
1.337513863612915799e-03
1.292008072656836148e-03
1.894504906058025462e-03
1.443438374562955318e-03
2.021171191510129361e-03
1.260923043507222729e-03
1.163984789215533056e-03
1.083557381477584514e-03
1.510713956728526597e-03
1.815135689169800060e-03
1.296906358287275296e-03
1.555306646918719338e-03
1.283856777847924846e-03
1.764319036370975979e-03
1.718509234260978680e-03
1.702512045983262112e-03
1.315872645448079581e-03
1.009674883188482752e-03
8.031774687706771942e-04
1.697021683098043354e-03
9.429584975373384026e-04
2.136061778696740632e-03
1.975654553335148833e-03
1.465216400712510136e-03
1.226674594259069551e-03
1.478082277144965317e-03
1.362349482357139152e-03
9.754906209358260583e-04
1.573741148983009985e-03
1.520355997075339971e-03
9.272147167438404836e-04
1.110131605804420829e-03
1.372448118799218797e-03
1.205713311711376079e-03
1.599284129517819508e-03
1.200204515324543308e-03
1.439135285644765894e-03
1.380481301539671080e-03
1.312393796436328586e-03
1.281555669101486217e-03
9.100318761425807423e-04
8.041476788753776361e-04
1.365673722337978901e-03
1.294309458572229232e-03
1.729125470975478862e-03
9.656050001782823244e-04
1.012148555351921608e-03
1.422023926397120164e-03
2.015622451481902111e-03
1.032310059495222809e-03
1.543835344604227444e-03
1.778896185085199200e-03
9.544852698988304240e-04
1.266196357285531704e-03
7.637311100002763808e-04
1.468899042726956594e-03
9.188403153161939230e-04
8.240091271711769139e-04
1.141772894861836640e-03
1.346529138577468032e-03
1.235202338359830954e-03
7.624242232564526489e-04
9.057127183424995565e-04
7.917128726248057191e-04
8.572954155110501517e-04
1.015008520081961407e-03
1.395396701377338289e-03
9.137052468687345552e-04
8.941981052699166099e-04
5.964244370358917635e-04
7.525295479122728892e-04
7.371037787995415869e-04
1.367540020851043536e-03
6.366323774882332032e-04
9.762808184787807875e-04
1.968819677524935585e-03
1.032419752326485529e-03
1.215555605509122117e-03
8.847804998135533339e-04
7.503750447133139545e-04
1.323991167144433767e-03
1.566946772599386861e-03
7.860738491461960464e-04
8.840268139878038056e-04
8.879742045757588187e-04
1.184078120100129361e-03
1.188415479945192921e-03
1.032228227686671218e-03
8.787098341656029987e-04
8.335683465214849264e-04
5.630955632657252963e-04
7.472384492899220021e-04
1.364850564491648655e-03
1.432312510102340397e-03
1.091565207845590635e-03
8.340023990225375883e-04
9.643275636967985065e-04
1.035618416338146552e-03
9.991084924116933053e-04
1.069092241607894067e-03
8.209441192825739364e-04
2.287713487461151551e-03
8.995164457676896319e-04
1.105228791434154090e-03
1.024477455981664953e-03
6.213940052743893716e-04
1.516584276053389857e-03
7.798494074222617201e-04
1.348689590213836276e-03
