9.999998915952643119e-04 9.999999405898489600e-04
9.981388430136311010e-04 1.001219449591193725e-03
9.960425588815182557e-04 9.961968312173527344e-04
9.957453454617155777e-04 1.000218197604145487e-03
9.989540006886969605e-04 9.906048171871091775e-04
1.004265969980703459e-03 9.883514246472506828e-04
1.012598683406647215e-03 9.900739977663059431e-04
1.009227716519934875e-03 9.916850322294725253e-04
1.013546104760326650e-03 9.927764020897531048e-04
1.003130044948563615e-03 9.934463054798729938e-04
1.001663027112625155e-03 9.881219669896665163e-04
9.930546624900124433e-04 9.997186083972016760e-04
9.911689899763729671e-04 9.813390676677176926e-04
1.000467018056373997e-03 9.886712736545861819e-04
1.016310736215778748e-03 9.953503000885363661e-04
1.016555897190123993e-03 1.002414943469303850e-03
1.030984214335912497e-03 9.884481845255626425e-04
1.017700743949167099e-03 9.903267325144249084e-04
1.025928333052654419e-03 9.938949787275431786e-04
1.019915919026916128e-03 9.944272943924099568e-04
1.014187847375372072e-03 9.742383748770303432e-04
1.006353185789168967e-03 9.801866648680582564e-04
1.006827382471108239e-03 9.731810095979843457e-04
1.013919119049514449e-03 9.821698445638528483e-04
1.021826478738518647e-03 9.629324130080740320e-04
1.015285726874365921e-03 9.681941064012194531e-04
1.016878718642876466e-03 9.543236748609115966e-04
1.008089971312526494e-03 9.438711663660897307e-04
1.000237621936224267e-03 9.319336739695069632e-04
9.916213689865715879e-04 9.327204877352094801e-04
9.682061076187754292e-04 9.158840022137651428e-04
9.869947884631447531e-04 9.181234795489353565e-04
9.901270747066604969e-04 9.131882621749008201e-04
1.001333777669322469e-03 9.260750957376298999e-04
1.000603407403298246e-03 9.249865119847183303e-04
9.876434619007108933e-04 9.147499532492664887e-04
9.810681260218972154e-04 9.215101004242892777e-04
9.868161876418059079e-04 9.123648994274392464e-04
9.662995320528620534e-04 9.058773456805706758e-04
9.726779891826123651e-04 8.975398290819753145e-04
9.736080421806113730e-04 9.118617107932302937e-04
9.786843527526875846e-04 9.283907345293302294e-04
9.823945794912251200e-04 9.261663666308540084e-04
9.899101478248334158e-04 9.413549402921011664e-04
1.004217749026994465e-03 9.203385043279966107e-04
1.009662368992448721e-03 9.019935297863015478e-04
1.018810546263462184e-03 9.029749918714571107e-04
1.011325972939698409e-03 9.201755214028029504e-04
1.011112480704863493e-03 9.012428925271737112e-04
1.000777721288173073e-03 8.911766111959015411e-04
1.005862373289040466e-03 8.635286455585420781e-04
1.010690269979278152e-03 8.772055340387689779e-04
1.022461770950372668e-03 8.614038256733433417e-04
1.007989619688048856e-03 8.614965418105109598e-04
1.002578461012178582e-03 8.507703092275386908e-04
9.869772814144902283e-04 8.426185721294562805e-04
9.878694247973758211e-04 8.696801114853765485e-04
9.914999145525025918e-04 8.505791702994321786e-04
9.886424524850477742e-04 8.489873760597749491e-04
9.840641237746029692e-04 8.321453430018226462e-04
9.693952060546002060e-04 8.394494465194166349e-04
9.802925020791358746e-04 8.208896510065612608e-04
9.614751017429839846e-04 8.179199219787093751e-04
9.561549038428944838e-04 8.147959409328925763e-04
9.691579505532830086e-04 8.040529295034849018e-04
9.681838835630810543e-04 7.980885230057150909e-04
9.629705332341361584e-04 8.026453436456996212e-04
9.659219857776933172e-04 7.922390767407019299e-04
9.799083983768272239e-04 7.747622158223956739e-04
9.855892354251707174e-04 8.010170264074319103e-04
9.875263615511204948e-04 8.051964685689370080e-04
9.782653917322168408e-04 7.967154617200732309e-04
9.734498006768434403e-04 7.891174908119456518e-04
9.735395432586450371e-04 8.035930588241649557e-04
9.592187042678542840e-04 7.921525516901063192e-04
9.342987639007714878e-04 7.832010117809254900e-04
9.498931096684936270e-04 7.844500695989259191e-04
9.440115550685558143e-04 7.972345387942776033e-04
9.409440378907570285e-04 7.997948491535271636e-04
9.354426533468020947e-04 7.913324975616622872e-04
9.281421103752121897e-04 7.847939765977320374e-04
9.324574930234660539e-04 7.728881067874617981e-04
9.508327449546742074e-04 7.692384080317688508e-04
9.504752207351697220e-04 7.796292600582595397e-04
9.458828216513305185e-04 7.758962267401980006e-04
9.513503119862406652e-04 7.893073827031066693e-04
9.456969119805538936e-04 7.862043428950984741e-04
9.236841250799187816e-04 7.612845326252947646e-04
9.237100560873925470e-04 7.647971627052609425e-04
9.199443106958785435e-04 7.497681280007665022e-04
9.228263222889107999e-04 7.258290607784896554e-04
9.083882321362318855e-04 7.079970801727195149e-04
9.112191437657033398e-04 7.323403394336666650e-04
9.094054406044533787e-04 7.347949430995978594e-04
9.078499867487067930e-04 7.189161850678040715e-04
9.190868172496457263e-04 7.034119813823366471e-04
9.082912900864613436e-04 7.111834732953396581e-04
9.106612572996719123e-04 7.273255942807811810e-04
9.231399860453354559e-04 7.237107352074560263e-04
9.224674638907835907e-04 7.224575047681950409e-04
9.032601401028586986e-04 7.188761817217995207e-04
8.989689357248294242e-04 7.253272501251864079e-04
8.851025140147381325e-04 7.432668266141052036e-04
8.932414562275013291e-04 7.220277229200108317e-04
8.863139367507983594e-04 7.321264528456697526e-04
8.770613956412663280e-04 6.938000950825279562e-04
8.743102127337362217e-04 7.206896432364390996e-04
8.829773963507571866e-04 7.389715879661403440e-04
8.759186384408709693e-04 7.217261079799790245e-04
8.779587222421280550e-04 7.014046540295315775e-04
8.554369828547357495e-04 6.907696326158397444e-04
8.372589507908502525e-04 6.983680634613021777e-04
8.347409828910386806e-04 6.879168224734397282e-04
8.351115666951939524e-04 6.804394171128974123e-04
8.255662229369443127e-04 6.599829475751442564e-04
8.307062071157211239e-04 6.474769958225356711e-04
8.307119169949884422e-04 6.394090486473206179e-04
8.540859529500786354e-04 6.401595780574006198e-04
8.657959757603485382e-04 6.108510962536451740e-04
8.688932669797745818e-04 6.294541865797404758e-04
8.695988221126315157e-04 6.305518017835344503e-04
8.801615766999898102e-04 6.211581557487148332e-04
8.803409357222137608e-04 6.358028365525674342e-04
8.605557646110579975e-04 6.565118730857763410e-04
8.511171939482480627e-04 6.580023913435252732e-04
8.641047740808639483e-04 6.647848784434079363e-04
8.583743892131494128e-04 6.909451064983728298e-04
8.375361613282382564e-04 6.949566801744496867e-04
8.509848849871167343e-04 6.825731938478554230e-04
8.539922870287587576e-04 6.817021592995016087e-04
8.613391779960935871e-04 6.896788786258373346e-04
8.779177097368843661e-04 6.870524641398790449e-04
8.709790864864140831e-04 6.934801353945077877e-04
8.677340721474750568e-04 6.646039620563740655e-04
8.639726391493734699e-04 6.527370386436629444e-04
8.665647657528296414e-04 6.813606801716598754e-04
8.719688042666511995e-04 7.143811417208016960e-04
8.568374270636495765e-04 7.461765051445632020e-04
8.370308561005315034e-04 7.191441219785714607e-04
8.428143547099893520e-04 7.100745372564169723e-04
8.328339790971305738e-04 6.837807997148598067e-04
8.425814669752717265e-04 7.147943818889032457e-04
8.291213776287763857e-04 7.149751957185777017e-04
8.086422771328340836e-04 7.278321535630347724e-04
7.980591987170339817e-04 7.244652645231788434e-04
7.972738901233139596e-04 7.129345279339991716e-04
7.992498495270807662e-04 7.345128080526036607e-04
7.996541575495508909e-04 7.256459803485845609e-04
7.850560372906458450e-04 7.226157168210649816e-04
7.762110183407284168e-04 7.349321892220618373e-04
7.621479758311082127e-04 7.354288991554924597e-04
7.694110914719014607e-04 7.141481966395614661e-04
7.627390386035862732e-04 6.921960406541054732e-04
7.625692874100756073e-04 6.832644026657110460e-04
7.628013472776249684e-04 6.848528045325025845e-04
7.474611151146300049e-04 6.902654930536101120e-04
7.667392293331962106e-04 7.187281825203551333e-04
7.498006981523474678e-04 6.950769196954890202e-04
7.433953358364264784e-04 6.846546476894053990e-04
7.477745362404379995e-04 6.707281506346705283e-04
7.566645934645311981e-04 6.695685562887840770e-04
7.624402440879145650e-04 6.707122482738334156e-04
7.673410426582741002e-04 6.352097773547187584e-04
7.601031363438816432e-04 6.198807461820723562e-04
7.765521443101778632e-04 6.198561765921506341e-04
7.690556145912543417e-04 6.329737689960714640e-04
7.634199935798798194e-04 6.538106148627521874e-04
7.588318305410238261e-04 6.460390207671016334e-04
7.737389618382504823e-04 6.656587895308703311e-04
7.809385617365914968e-04 6.623859745421427662e-04
7.815630695488470260e-04 6.636407361018848046e-04
7.750772304229138149e-04 6.462329782438515401e-04
7.730267756437840185e-04 6.556784451693915090e-04
7.634183312507617121e-04 6.557883866409130015e-04
7.501901627771752823e-04 6.348228435323274854e-04
7.159448652342548366e-04 6.645764946349732270e-04
7.175922982224708846e-04 6.691530342832586542e-04
7.264095174541902993e-04 6.667966496073003419e-04
7.043836115474221265e-04 6.544424901785364122e-04
6.962541580503980648e-04 6.492054690482968685e-04
7.111464857001393528e-04 6.246271152939889774e-04
7.205877609398357369e-04 6.380588695154626108e-04
7.131300358513941980e-04 6.361872994590073681e-04
7.155896018354951588e-04 6.477140693646272953e-04
7.106703587281280919e-04 6.711423575675129309e-04
7.218788445007294540e-04 6.333268210824426247e-04
7.337622009098696864e-04 6.111541963773821666e-04
7.268939427194263340e-04 5.986316806317597966e-04
7.132674659732073531e-04 6.050815419090067523e-04
7.029535284552575029e-04 5.909281084640720383e-04
6.900823059827604616e-04 5.852638956756796036e-04
6.741429039274943495e-04 5.983351421698434669e-04
6.627099373866071792e-04 5.890676924733278955e-04
6.753001280362087941e-04 5.847157552952242333e-04
6.584571950999047523e-04 5.676529432832417513e-04
6.650161446756509527e-04 5.600853681363221958e-04
6.588025547544500583e-04 5.578719297623092833e-04
6.468852414967394193e-04 5.774893970267097262e-04
6.471998227480654179e-04 5.535956849155374134e-04
6.609357932883218323e-04 5.491112992443801652e-04
6.638966908532925159e-04 5.548204478954903672e-04
6.680352449054906185e-04 5.661468975248221602e-04
6.471904666623141131e-04 5.810277843367098573e-04
6.290351768092836962e-04 5.845651093457044723e-04
6.101148000038130121e-04 5.851806213593733824e-04
6.324521554179823391e-04 6.199143677279074244e-04
6.038999695408413552e-04 6.263305327492207442e-04
5.847053493294017022e-04 6.438563826277984197e-04
5.790646708945700527e-04 6.513336952466981366e-04
5.838068262309217609e-04 6.463926430689257742e-04
5.661859226857066758e-04 6.347079622607162920e-04
5.488141944988769727e-04 6.415329172408769983e-04
5.559557526558762215e-04 6.567070084587630675e-04
5.471507506907185084e-04 6.525273105340451693e-04
5.357668336675681584e-04 6.405776962550934319e-04
5.455825401124003021e-04 6.399557367120516007e-04
5.266909558195820252e-04 6.320067475139499969e-04
5.221481056182691784e-04 6.315861287692290651e-04
5.084122675909720284e-04 6.385797358920186672e-04
5.170274212080395657e-04 6.114333917551896883e-04
5.162438359851828770e-04 6.218736503148964432e-04
5.068658236346836824e-04 6.192103540212110305e-04
5.234966860130945603e-04 6.126377962211170024e-04
5.280198875200832649e-04 6.285850349873288705e-04
5.228860105354668887e-04 6.060754000739100632e-04
5.060579344867220230e-04 6.013143048643071215e-04
4.849008092449597486e-04 5.909126265524182074e-04
4.864547169714978389e-04 6.147001039621068606e-04
4.820730488143658700e-04 6.391773227724055874e-04
4.907061350534907846e-04 6.555700349595649330e-04
4.686237478400670964e-04 6.446349995458162821e-04
4.554931921650144351e-04 6.328064843686911781e-04
4.403910175063987750e-04 6.210572316837062370e-04
4.256599143609637870e-04 6.387040485475155380e-04
4.062363511086283146e-04 6.379096513444886332e-04
4.103308829034250493e-04 6.359036320002292228e-04
4.266978151511838821e-04 6.536424675537215023e-04
4.185439470234083225e-04 6.393534544583772371e-04
4.429126483317005042e-04 5.980014950005100053e-04
4.376617087285044824e-04 6.082182909938320002e-04
4.207574955601656131e-04 6.005508784306093275e-04
3.935735051080371371e-04 5.887217162546224021e-04
4.104537930205091997e-04 6.110338168377784903e-04
3.903971221379049969e-04 6.022617853520032503e-04
3.864991608892562910e-04 6.044482599325555656e-04
3.825141241397309153e-04 6.066365300745791981e-04
3.920808274221704933e-04 6.150030530723807256e-04
3.932912889319972911e-04 6.151883874253470316e-04
3.925265082079227685e-04 6.248807002369100895e-04
3.942264805267955085e-04 6.081603440940064938e-04
4.022817876682128731e-04 6.111007739920780576e-04
4.034541628254664650e-04 6.067965785733626634e-04
3.931928602992662320e-04 6.219627965301573625e-04
3.776347232628442111e-04 6.320680055733823117e-04
3.643807408445804840e-04 6.508621036217851876e-04
3.616988627579206935e-04 6.531279667043211759e-04
3.735851619815854885e-04 6.394896729038611338e-04
3.653787110816631941e-04 6.248842852747811495e-04
3.562870030656983020e-04 6.308096988550029177e-04
3.394107924248652595e-04 6.254298498128659563e-04
3.269957764737785127e-04 6.198954898897359551e-04
3.059780839461914595e-04 6.154734198358746775e-04
3.121105135105065693e-04 5.909162476943075884e-04
2.944597109799858303e-04 6.121255643200137174e-04
2.852385430657700832e-04 6.301649260980053636e-04
2.803703580371700080e-04 6.380057589715190701e-04
2.910764301015659377e-04 6.385617754438386445e-04
2.848105172918069701e-04 6.627123580796626893e-04
2.471684619960639391e-04 6.625040722150227646e-04
2.446175327555490738e-04 6.639697190180803574e-04
2.378735420688850495e-04 6.703840669989213821e-04
2.442154108278410309e-04 6.503036263849997205e-04
2.440242947400015770e-04 6.539324397366152574e-04
2.543841907219433610e-04 6.639609220191994938e-04
2.631339090795706032e-04 6.555985035931355832e-04
2.609535316328808049e-04 6.388094161018530084e-04
2.401773379418707774e-04 6.752145054011916446e-04
2.565451936993138628e-04 6.550621077303837338e-04
2.638376474115576337e-04 6.303605291357916628e-04
2.948415837625629251e-04 6.383557750606143853e-04
2.838626583443679672e-04 6.388481546193928301e-04
2.616504266258541547e-04 6.426007342511545675e-04
2.798378494834592267e-04 6.501133931465231637e-04
2.644159638633356577e-04 6.447120835924054346e-04
2.482446331405871085e-04 6.481501774173666118e-04
2.662342647019452714e-04 6.573037244766054754e-04
2.763017103735751316e-04 6.500541359126213881e-04
2.718552241471247351e-04 6.734576350164692311e-04
2.569307820525032634e-04 6.654418254626694781e-04
2.653516967124947045e-04 6.620017356370670562e-04
2.720068385605839650e-04 6.586576730128806609e-04
2.531151569925880833e-04 6.465951177832292675e-04
2.407123301608317747e-04 6.319733667814147852e-04
2.198141597502226326e-04 6.437073186112446822e-04
2.062755206057380027e-04 6.348002299854088983e-04
1.957302130133532921e-04 6.101894784044603831e-04
2.025759713487298617e-04 6.136312312562664222e-04
1.919022523686063526e-04 6.060967731748708939e-04
1.779132120515018213e-04 6.186843795691441151e-04
1.707037594011330637e-04 6.346420678056516503e-04
1.562877671765121399e-04 6.425495111482035877e-04
1.772555178601424326e-04 6.263969969711374658e-04
1.658103239142454555e-04 6.369300393172070036e-04
1.574161662287927056e-04 6.346687650877546683e-04
1.221604796548442814e-04 6.584922242151976203e-04
1.325248007702899144e-04 6.473976862322172862e-04
1.231655391977400636e-04 6.306299151233960704e-04
1.235849006816898085e-04 6.211218564188576837e-04
1.232248894726919639e-04 6.439469492907337524e-04
1.002181349398910295e-04 6.289374371666624480e-04
9.533685573244555307e-05 6.310530996533183839e-04
9.184893784978853041e-05 6.136791991263183029e-04
9.607112370235861400e-05 6.385645186280618224e-04
8.368603349806303185e-05 6.357027483589829976e-04
9.652767441868281199e-05 6.189665165147315755e-04
1.245925868392686693e-04 6.168968501718735719e-04
1.305502881393178004e-04 6.350614802368635377e-04
1.068532611610079281e-04 6.226712224786329439e-04
8.549605667182456415e-05 6.481170028723787961e-04
7.124365257277897191e-05 6.469616451799143101e-04
6.660155934509206198e-05 6.289866285207547543e-04
6.341850512537183652e-05 6.407263957307848291e-04
5.097196908894072382e-05 6.195645052252795465e-04
3.040788321067460471e-05 6.199303889445037562e-04
4.726326799830179830e-06 6.130420357622274382e-04
1.765040107014204519e-05 6.408190423996673732e-04
1.920944006674226145e-05 6.264868509122883218e-04
1.369049277119910587e-05 6.389371069562224279e-04
1.891174049196318334e-05 6.407348326245706441e-04
1.637721920924227958e-05 6.380175150732301072e-04
2.371977068673241675e-05 6.516082924662814713e-04
-1.513630492082986982e-05 6.711497434366931825e-04
3.773454186278282505e-06 6.607022830463946898e-04
-2.611667416823923225e-06 6.723885309848588385e-04
-9.300861547069709672e-06 6.811846099146240570e-04
-1.281907958855709428e-05 6.868587135164039899e-04
-8.533763242153468605e-06 7.001815730134208077e-04
-4.768273101033310553e-05 7.074965863586975484e-04
-6.409322916283865959e-05 6.957633727224147397e-04
-8.051590322069171804e-05 6.816599942184133672e-04
-7.946145224150721312e-05 6.876376572563202812e-04
-6.246210202062859804e-05 7.022718102127077687e-04
-7.634569249888119758e-05 7.046630295248981638e-04
-7.391731642945142510e-05 7.050475036500338834e-04
-6.831971398939327804e-05 7.144325759469646875e-04
-6.138734004089055991e-05 7.014229624895104492e-04
-7.270670611568566207e-05 6.692554097043402258e-04
-6.389969620161261492e-05 6.643719271567238719e-04
-6.696273739508372869e-05 6.755905936759272132e-04
-1.020352219907869941e-04 6.757832461251815463e-04
-9.614430985252297264e-05 6.971510219289726558e-04
-1.038998572951350713e-04 6.795822157331636191e-04
-1.133790938420247270e-04 6.817963988732966179e-04
-1.296252941240980897e-04 6.772355551268688335e-04
-1.259454737701142055e-04 6.827466199886603714e-04
-1.424677588648538124e-04 6.649544692527701488e-04
-1.389898880026376024e-04 6.729053193226073194e-04
-1.483650044105502873e-04 6.835261810422740012e-04
-1.426536973430462272e-04 6.934912299768112133e-04
-1.303881922311076857e-04 6.918202877268465802e-04
-1.394229530718094827e-04 7.098453081480392756e-04
-1.309998404591352814e-04 6.997789106331741942e-04
-1.460354031521668222e-04 7.037302881899647981e-04
-1.389270866370865361e-04 7.233446173621806965e-04
-1.632823246979961103e-04 7.313266162038633503e-04
-1.882569344749384645e-04 7.316511285918690785e-04
-2.140833582898064912e-04 7.303873748399049770e-04
-2.243748862080937559e-04 7.244856165042132127e-04
-2.313646739778015091e-04 7.398397213609493291e-04
-2.213783809944001933e-04 7.365003227776350907e-04
-1.918216039940527759e-04 7.729858569607757921e-04
-2.261910030465242585e-04 7.730952176567090729e-04
-2.401173490926338200e-04 7.843222797517697669e-04
-2.106094771416076937e-04 7.733177285301179966e-04
-2.385733433402946794e-04 7.693122320868525264e-04
-2.552567426498178189e-04 7.697004922001459901e-04
-2.588001738919877798e-04 7.664180531604281466e-04
-2.604431480408049972e-04 7.610495186447233844e-04
-2.505307071272456490e-04 7.623728278889622305e-04
-2.654128808411481484e-04 7.520016803759823048e-04
-2.762981170954468537e-04 7.461792479757556242e-04
-2.662593121319576771e-04 7.448200709730061052e-04
-2.607508033966195442e-04 7.467411190900919392e-04
-2.662170496193063470e-04 7.557557901580152886e-04
-2.916432762241294115e-04 7.529153264795060245e-04
-3.076753304321489663e-04 7.376805126060961317e-04
-3.019447017213684661e-04 7.454710434312146168e-04
-2.872969606841840407e-04 7.210609808025339549e-04
-2.778050829805759703e-04 7.356548573453785839e-04
-2.905841315163919963e-04 7.393397991942938499e-04
-3.069157968926763025e-04 7.581516348052608602e-04
-2.876806644835463219e-04 7.473665975610983272e-04
-3.030509754175022153e-04 7.490448202939419637e-04
-2.946575091996048255e-04 7.643020134490678295e-04
-3.011369069827075505e-04 7.626117547581330071e-04
-2.948350641648886448e-04 7.733430259125532568e-04
-3.029951495656889033e-04 7.993263839692492422e-04
-2.962501114603631469e-04 8.075039848883120699e-04
-3.152256171172533269e-04 8.180512674267400187e-04
-3.245910481241170466e-04 8.157675892524945743e-04
-3.326579631970213113e-04 8.127418168089144135e-04
-3.180979911135924966e-04 8.015605469235884389e-04
-3.352607063429258118e-04 7.706621279366163537e-04
-3.410993695489213389e-04 7.647277767559206366e-04
-3.532207195417416288e-04 7.839446882268507949e-04
-3.474518074153946662e-04 7.746124909140771194e-04
-3.540098106408509052e-04 7.847748304789475653e-04
-3.774955908342264230e-04 7.872966600453955559e-04
-3.780599997371638559e-04 7.913704032230788488e-04
-3.912869965227629837e-04 8.001978335396051729e-04
-3.956221058564317892e-04 7.847428373412810047e-04
-3.839068841391000877e-04 7.951795003254368130e-04
-3.823574386059311412e-04 7.896211802969374353e-04
-3.924970283909289914e-04 8.114957405385984012e-04
-4.002280158766524545e-04 7.935052057212168761e-04
-3.951180230070782512e-04 8.125060540830925538e-04
-4.125954570615895066e-04 8.272880159402177039e-04
-4.153188945593390088e-04 8.125736828444199249e-04
-4.268543559834974571e-04 8.057004100078844289e-04
-4.432599066674605573e-04 8.025469041524934451e-04
-4.461753648685929568e-04 7.857753265152667057e-04
-4.614327048668279466e-04 7.866735135477399181e-04
-4.789777807528483914e-04 7.848429979414129959e-04
-4.906666924028217722e-04 7.942181155886896254e-04
-4.900324206455140266e-04 7.977240756256451584e-04
-5.129312969686686220e-04 8.121449532132814144e-04
-4.816682573912845389e-04 7.916139067581845273e-04
-4.749097762707254642e-04 7.932124388396397108e-04
-4.528688661796901899e-04 7.998133661074184912e-04
-4.637316084475414778e-04 7.938454333666789681e-04
-4.659215398047154670e-04 8.108131857219667404e-04
-4.656785721717085274e-04 8.305166840856669126e-04
-4.520533791919446116e-04 8.512548656406301048e-04
-4.626913614689768671e-04 8.544740443550965592e-04
-4.744552977637251181e-04 8.326967427726332874e-04
-4.820163739242610081e-04 8.171141529015878450e-04
-4.890814668667198056e-04 8.044856904568389129e-04
-4.984980019090688198e-04 8.223417200350399258e-04
-5.116416446023774054e-04 8.292597687527475999e-04
-5.095793486163348231e-04 8.320803452117197943e-04
-5.068676657784959572e-04 8.501547624212840845e-04
-5.011640301401789959e-04 8.447879238694029104e-04
-5.244849627866956122e-04 8.393958184566387756e-04
-5.200880458732514170e-04 8.515314328784793618e-04
-5.106939852058994984e-04 8.563058036344671541e-04
-5.094096383714218600e-04 8.554796072519880870e-04
-5.010944687020560048e-04 8.391585209315227493e-04
-4.944452412605071642e-04 8.383732294273258832e-04
-5.308743992445873411e-04 8.435347150845870891e-04
-5.220761669834701356e-04 8.342742103304687283e-04
-5.688392253397225960e-04 8.477778234032962547e-04
-5.796252850931926052e-04 8.443305429115347547e-04
-5.700713924078019013e-04 8.563699822569145314e-04
-5.636033321798992329e-04 8.710570807327753422e-04
-5.708600621202171389e-04 8.785382465936190021e-04
-5.735086579235331708e-04 8.652369569324312119e-04
-5.699109945175337248e-04 8.500709900067250071e-04
-5.795472310748601193e-04 8.421896348808277297e-04
-5.789267806736302395e-04 8.554313698211131077e-04
-5.655791938989300884e-04 8.616935927592524538e-04
-5.686387080339062438e-04 8.714636519573997972e-04
-5.670184120840612895e-04 8.630176286031593196e-04
-5.478048017272117882e-04 8.505819695084852056e-04
-5.659130274801303954e-04 8.490522712663742602e-04
-5.511424824590371472e-04 8.352135287484747060e-04
-5.619945246995321003e-04 8.339443926701716435e-04
-5.581560393917983903e-04 8.470168374239477006e-04
-5.563042065249902300e-04 8.400643534841413301e-04
-5.542788328141258838e-04 8.478190693008357762e-04
-5.624281978338391708e-04 8.565528870864795846e-04
-5.625369189167590735e-04 8.477133194697211238e-04
-5.701656997736189066e-04 8.358573148688815818e-04
-5.749530851940977709e-04 8.263718445701302012e-04
-5.684210144594235110e-04 8.209853010908977526e-04
-5.669817179399612092e-04 8.067494974870640734e-04
-5.799363369992515012e-04 8.040065817037219884e-04
-5.691566666957021412e-04 7.982193033270638472e-04
-5.870316307593656481e-04 8.018800728801532334e-04
-5.931214757274237649e-04 8.039292645830439440e-04
-5.856570059487301765e-04 7.939063538388314292e-04
-5.799287670251002894e-04 8.166231175886918669e-04
-5.800190411893969226e-04 8.143678545339536664e-04
-5.865089560381025417e-04 8.297178496518152653e-04
-5.736705580885841094e-04 8.329309858731261465e-04
-5.676164769847523222e-04 8.240513730822802540e-04
-5.756540268629609537e-04 8.233425188468376918e-04
-5.721070449475749347e-04 8.198840742573932023e-04
-5.592649546257474468e-04 8.115919072612169617e-04
-5.493035396712695959e-04 8.249205818226176823e-04
-5.603233707909621112e-04 8.352262835356689041e-04
-5.651608051895676797e-04 8.410751036268057515e-04
-5.923956920116925330e-04 8.603588582810122115e-04
-6.143948323155559808e-04 8.602929059454867289e-04
-6.076637043114013412e-04 8.505163536265311066e-04
-6.203652978983963812e-04 8.547097165706099694e-04
-6.150552937751549041e-04 8.521141932430859826e-04
-6.188989498344609711e-04 8.489705075106589302e-04
-5.961812083991240106e-04 8.502608211338629797e-04
-6.011386874904381438e-04 8.359492947280184683e-04
-6.171532855870557992e-04 8.426032067249524058e-04
-6.343744741066607721e-04 8.394670004488821334e-04
-6.250615393486818163e-04 8.553473707177732194e-04
-6.475160523775821964e-04 8.287075538580566730e-04
-6.480005612921145965e-04 8.150459108158477923e-04
-6.392033405560645486e-04 8.106599958995278077e-04
-6.477187605768110939e-04 8.244402662727828629e-04
-6.510769949450304420e-04 8.331506933339718904e-04
-6.392511054822445438e-04 8.358699767225198553e-04
-6.491182744641354075e-04 8.356597510028893148e-04
-6.377241710326181845e-04 8.530298826210912797e-04
-6.544040377794089732e-04 8.528121682299553497e-04
-6.607196952901037449e-04 8.650914961080678365e-04
-6.552119737855726300e-04 8.577166850514264052e-04
-6.639054330682878351e-04 8.507515190846862184e-04
-6.675340740493292862e-04 8.577048504854948956e-04
-6.655618467119227494e-04 8.493379127040348846e-04
-6.787407410352086154e-04 8.516155556402724104e-04
-6.635893603115652168e-04 8.439417128272207148e-04
-6.668490930372294621e-04 8.195676545053101874e-04
-6.700672089022505261e-04 8.283772881627931477e-04
-6.672771863564240817e-04 8.411384849711109682e-04
-6.653667366686002787e-04 8.444000360167423563e-04
-6.580862306974618941e-04 8.225392028236713305e-04
-6.615686162366905473e-04 8.238190777402286911e-04
-6.504898522675039377e-04 8.073379584739360550e-04
-6.511082701620195604e-04 8.124849133663309547e-04
-6.602889446816137282e-04 8.108673677329719491e-04
-6.489539999702165132e-04 8.182603620274442801e-04
-6.314476313258763837e-04 8.241285117755003768e-04
-6.329925229473810097e-04 8.255402760232855410e-04
-6.327340410172291405e-04 8.192272236085558880e-04
-6.166381004796357614e-04 7.899731053143606600e-04
-6.145738875082618546e-04 7.978097977377481649e-04
-6.207928237030820896e-04 8.017171775798377382e-04
-6.086092618932348276e-04 7.862276058713887775e-04
-6.133845520361206130e-04 7.767884128492559114e-04
-6.406988562893684968e-04 7.900343600920580649e-04
-6.475156232337423746e-04 7.876291079090638227e-04
-6.465115115492384113e-04 8.054732506018499449e-04
-6.569337116322239130e-04 8.072583587004413539e-04
-6.583386116842233036e-04 8.183916788995918359e-04
-6.442808542686727325e-04 7.949652316110265978e-04
-6.352429962728752336e-04 8.033655598778046032e-04
-6.438933440637138088e-04 8.046520267612506522e-04
-6.368223387874196633e-04 8.036161249579437844e-04
-6.299158257912171885e-04 7.959454826107402675e-04
-6.185546882322588355e-04 8.071972131701772059e-04
-6.349886225893671722e-04 8.087277068125268802e-04
-6.364988897146066664e-04 7.903144022417421619e-04
-6.342434229716103654e-04 7.974907909509564062e-04
-6.412297041043909986e-04 8.023595552164628593e-04
-6.514523224502226199e-04 8.002837928302810764e-04
-6.584478650415121013e-04 8.018296721159099078e-04
-6.500324968698298258e-04 7.908318251825098653e-04
-6.459487027560968349e-04 7.856366558297774591e-04
-6.337880473799010388e-04 7.840172263491022473e-04
-6.227525973281633487e-04 7.681101448745971446e-04
-6.313109188313026539e-04 7.725719581918611420e-04
-6.220215359545085837e-04 7.739358733061043076e-04
-6.278917247031494831e-04 7.769313479263987568e-04
-6.327064095788582660e-04 7.886733751687382415e-04
-6.355693860939107482e-04 7.995560795170800813e-04
-6.366292586838981880e-04 8.067460331051923110e-04
-6.299232435000028281e-04 8.093678249203075910e-04
-6.155162916510943140e-04 8.120616567845650915e-04
-6.076626073695469334e-04 7.950105877794113717e-04
-6.191690066703778262e-04 7.971061658576292881e-04
-6.303208592011055227e-04 7.812781318039911660e-04
-6.387651132177348976e-04 7.904473104726677602e-04
-6.155130331442721986e-04 7.646531826749074397e-04
-6.301653385289689852e-04 7.816175041319382020e-04
-6.365462691173404868e-04 7.897972918763332840e-04
-6.172958455435158644e-04 7.881263870932798433e-04
-6.197862997329424504e-04 7.633734091083832626e-04
-6.179560425745052451e-04 7.389046689797967686e-04
-6.173038624247257451e-04 7.450466604390711296e-04
-6.252960728552153617e-04 7.438984834342555162e-04
-6.440791988066941814e-04 7.423854315052179787e-04
-6.411230776240464668e-04 7.382675614463632754e-04
-6.291531970362712221e-04 7.390553107861671644e-04
-6.232626112036927703e-04 7.431400459653498972e-04
-6.327548134190945795e-04 7.540383276266441909e-04
-6.249146437681328374e-04 7.456553819313938621e-04
-6.317223987614450139e-04 7.426983382029768779e-04
-6.301080033829745564e-04 7.485234978230781867e-04
-6.431734965467492777e-04 7.457402971094930942e-04
-6.613701052367792436e-04 7.336650068554513094e-04
-6.744651697187562618e-04 7.371542029473024740e-04
-6.634165007019825937e-04 7.437805831220993102e-04
-6.648288950614962859e-04 7.303517341123315397e-04
-6.603460461627069268e-04 7.298594367020910670e-04
-6.683685244892449175e-04 7.202290845514792809e-04
-6.715677211858169871e-04 7.108250751215242341e-04
-6.745851727282490282e-04 7.154128672777880114e-04
-6.604968817560028481e-04 7.169417890059162852e-04
-6.657882588006853661e-04 7.127875152597875187e-04
-6.482763221540807945e-04 7.181984349548534629e-04
-6.396159912880055188e-04 7.207819355458962686e-04
-6.413270656849845994e-04 7.079646443627121135e-04
-6.345685133246018600e-04 7.187731774397740532e-04
-6.196275576943950951e-04 7.428523042139377952e-04
-6.384413903376698557e-04 7.483235340686800793e-04
-6.103277592794080367e-04 7.524974043075625561e-04
-6.132976368756907007e-04 7.407655754944306474e-04
-6.378393757102379484e-04 7.416812287596403564e-04
-6.300500731376820545e-04 7.365045852138395405e-04
-6.432846346248463154e-04 7.351739034200554428e-04
-6.552576695232982572e-04 7.426579529836049810e-04
-6.495601113858869317e-04 7.343193253951939585e-04
-6.541535295049445394e-04 7.174582409482332902e-04
-6.625369034544668651e-04 7.196131998577466951e-04
-6.577111643796839692e-04 7.375755973062331997e-04
-6.738531630217982913e-04 7.377473592550603480e-04
-6.621540863405583769e-04 7.413638634949764597e-04
-6.519370627928798394e-04 7.285190595853843244e-04
-6.493888284933811966e-04 7.021757233384509633e-04
-6.411309417913808395e-04 6.936871547656245926e-04
-6.462397214009736298e-04 6.922222428600007058e-04
-6.528195777144893235e-04 6.944888865013935019e-04
-6.411076343510123919e-04 6.778228498797126290e-04
-6.182372347123789779e-04 6.716891922214097413e-04
-6.012643031714607093e-04 6.686650215319138750e-04
-5.902459318343854624e-04 6.643950274165057223e-04
-5.840935480435172989e-04 6.727675262468122992e-04
-5.915224286677219032e-04 6.709911479963296147e-04
-5.794024903316379429e-04 6.800501170456395338e-04
-5.687858014606335735e-04 6.739863277945963788e-04
-5.694687428583433643e-04 6.681056002835822826e-04
-5.911848729882405312e-04 6.685071355055077899e-04
-5.924372277751125933e-04 6.692262093489375783e-04
-5.909711954591750265e-04 6.540233250771627753e-04
-5.921897939440323895e-04 6.541071399318738313e-04
-5.850824115965346395e-04 6.589395251587157635e-04
-5.841506192245087686e-04 6.594531073840893083e-04
-5.760533932394524843e-04 6.561850840332237320e-04
-5.739896152224490582e-04 6.666361077770737971e-04
-5.896539325482075874e-04 6.735899844728411839e-04
-5.716077140640407703e-04 6.593354374129202717e-04
-5.684670021342432119e-04 6.558341973770043850e-04
-5.576593377246572220e-04 6.639819905666249390e-04
-5.694276452995634128e-04 6.664786226996190525e-04
-5.660300880535772605e-04 6.521985367294866939e-04
-5.760537101389270279e-04 6.582259685215081316e-04
-5.762203059173822556e-04 6.596935737939577018e-04
-5.786679545772010786e-04 6.550782650377347249e-04
-5.738533265259573510e-04 6.557717688485224794e-04
-5.772834598163493255e-04 6.570974296661185893e-04
-5.647116843229160093e-04 6.461987297920459769e-04
-5.629266737272228252e-04 6.463935215870695314e-04
-5.677023263644792855e-04 6.421821375123570094e-04
-5.747671723689610178e-04 6.318940725680932766e-04
-5.650443620677604367e-04 6.147134174089327434e-04
-5.688075011168978188e-04 6.183610809166540170e-04
-5.597519538499672606e-04 6.207673578496178185e-04
-5.478073229608201779e-04 6.268727011276712183e-04
-5.420071074185931750e-04 6.267555882792798889e-04
-5.523233842012338331e-04 6.230573227266104040e-04
-5.500890865007464778e-04 6.246551271318770762e-04
-5.473977341973279651e-04 6.081735872930786905e-04
-5.491036258987285748e-04 5.965409507132478232e-04
-5.232520782023462750e-04 5.998439262645304318e-04
-5.451547690577324872e-04 5.897835606303247985e-04
-5.435831548708974000e-04 5.835941676940977537e-04
-5.463737260083764181e-04 5.917980795062774716e-04
-5.368899546051633925e-04 5.902983482892452689e-04
-5.117284361854506367e-04 5.826734209039225246e-04
-5.195087508388908587e-04 5.872969044417409657e-04
-5.268436847448378004e-04 5.924964231200599042e-04
-5.235496677904964008e-04 5.856988897853186151e-04
-5.138450205762794742e-04 5.832565220832416431e-04
-5.187777477928035876e-04 5.896304322810872866e-04
-4.966076476479687127e-04 5.912750224027462633e-04
-4.955302927464518567e-04 5.983847179224197370e-04
-5.037582501598478982e-04 5.961795925204267784e-04
-4.925580171567134780e-04 5.964781160211131850e-04
-5.074531845236985618e-04 5.977361585197646680e-04
-5.001625853816854669e-04 6.010772882722232495e-04
-4.987823057360359037e-04 5.794843385106109371e-04
-4.836003929717378239e-04 5.785256447389836455e-04
-4.974713140750623794e-04 5.734819339025051680e-04
-4.982610171719337481e-04 5.804755034483138551e-04
-4.997543366267939713e-04 5.770490768876165508e-04
-4.955479083042656132e-04 5.770116782160183890e-04
-4.837211551886278979e-04 5.693225698249252363e-04
-4.879760054739217087e-04 5.689324046892407435e-04
-4.859395154467312608e-04 5.692991564949498101e-04
-4.920695017200766522e-04 5.543863556351053771e-04
-4.862531533540119110e-04 5.532697028688474388e-04
-4.823405795148031088e-04 5.513354145901852273e-04
-4.729511708667377972e-04 5.604273795896260683e-04
-4.758096593572966782e-04 5.490818691827027915e-04
-4.712162068918100493e-04 5.620477420429664415e-04
-4.765547581656355428e-04 5.532825762818424425e-04
-4.678704267411114195e-04 5.494248873695921570e-04
-4.686392791051252659e-04 5.593256514644280326e-04
-4.672001961633585865e-04 5.358845846351057698e-04
-4.477373838774097040e-04 5.343327480492340940e-04
-4.377885822416862781e-04 5.416109744641015196e-04
-4.408587419107255355e-04 5.396358693469007883e-04
-4.349762177077991666e-04 5.272731457518473096e-04
-4.241703108586995395e-04 5.049935944282172825e-04
-4.143794212324948328e-04 5.009547911090699241e-04
-4.364153793975774839e-04 5.035862983616471149e-04
-4.260731214565031239e-04 5.074018801635312402e-04
-4.230838080929584218e-04 5.062274988107134813e-04
-4.279386339812904201e-04 5.032780333282039272e-04
-4.177845786572473730e-04 5.046761471264953579e-04
-4.165763314209939379e-04 5.117615859315601153e-04
-4.129369343408473996e-04 5.004657765648088362e-04
-4.224838091734817733e-04 5.166812305160381784e-04
-4.196434958093673922e-04 5.180300576655848168e-04
-4.175216229916020616e-04 5.138075140782169753e-04
-4.271436973230670190e-04 5.082653454305433678e-04
-4.288399035219434387e-04 5.041946892472516303e-04
-4.297089658575081218e-04 5.096349811597921048e-04
-4.356179374377612741e-04 5.066060885996418860e-04
-4.502887213153324106e-04 5.227917159251435934e-04
-4.493149329291718777e-04 5.137060024650119770e-04
-4.352899844743442757e-04 5.130063463206459761e-04
-4.383059382717085909e-04 5.230432804463036036e-04
-4.357856847620172197e-04 5.111442981993811465e-04
-4.149056644323781753e-04 5.049283392986662856e-04
-4.155243959575154341e-04 5.010740535599845797e-04
-4.081775286451557730e-04 5.000195971946958060e-04
-4.132183143888774261e-04 5.167936349110983972e-04
-4.076268520420977550e-04 5.189872361691960125e-04
-3.965042793235731117e-04 5.109958997819828447e-04
-3.973387563343254740e-04 5.086910737430309134e-04
-3.941171869425154849e-04 5.089602607235365435e-04
-3.758958129533259188e-04 5.067279078539478360e-04
-3.763174166697004605e-04 4.968003156731073781e-04
-3.702717581623964495e-04 4.863171083207865845e-04
-3.709199478396345696e-04 4.809105976532405654e-04
-3.705294973896211650e-04 4.873750806635509950e-04
-3.656789501605985614e-04 4.833058310646645228e-04
-3.528001109700272856e-04 4.875828667998533786e-04
-3.587563515481737692e-04 4.826498652572884323e-04
-3.638624056526467885e-04 4.786481063605123863e-04
-3.656239988469835102e-04 4.807854353096505887e-04
-3.672861844117669239e-04 4.708919794355542819e-04
-3.678669123291102125e-04 4.713811951248711137e-04
-3.717707638240887224e-04 4.642627830237289806e-04
-3.735278117930159098e-04 4.613684710443467893e-04
-3.696880137321281886e-04 4.571478157440337156e-04
-3.613528529360675919e-04 4.558338018943818948e-04
-3.490654986135033160e-04 4.425207366227780319e-04
-3.530435102896011435e-04 4.536362306345795140e-04
-3.446288065247629716e-04 4.477909416038650223e-04
-3.437230526349678247e-04 4.546088452479265097e-04
-3.327444430656067162e-04 4.492097863828520667e-04
-3.277404972331951320e-04 4.493490520997968449e-04
-3.329720028137951051e-04 4.495678635641784456e-04
-3.333694729563014278e-04 4.438104979729421188e-04
-3.398003008698877257e-04 4.455168676474803059e-04
-3.287667478412447438e-04 4.406204725175842164e-04
-3.395431139329898175e-04 4.482258424962789166e-04
-3.273818659216408303e-04 4.512557244850909670e-04
-3.182012087369858106e-04 4.356074445464417234e-04
-3.197187034336179722e-04 4.248119625495832608e-04
-3.200718644613932619e-04 4.428119630625215893e-04
-3.150156767018865616e-04 4.461832501397277316e-04
-3.204512406390937467e-04 4.389525592968550262e-04
-3.361485570747575606e-04 4.451267477269962663e-04
-3.329720692851728236e-04 4.409148903010100934e-04
-3.294807668255603488e-04 4.380231046486605094e-04
-3.157506327942188841e-04 4.303002304087015549e-04
-3.179925651228741293e-04 4.292768958858228035e-04
-3.304086596330431998e-04 4.215951397006179675e-04
-3.379092252051164435e-04 4.180780989988526855e-04
-3.337501810545867500e-04 4.167061713731398860e-04
-3.461613003678016436e-04 4.115665277454340332e-04
-3.594228460107234740e-04 4.074140886642746385e-04
-3.625564315954519124e-04 4.107728118419559692e-04
-3.634549578581093240e-04 4.095011576260120640e-04
-3.540058554344354281e-04 4.142621278966953898e-04
-3.470162650127043397e-04 4.155024250849719361e-04
-3.381035639164448156e-04 4.124774796083233402e-04
-3.343864448883694098e-04 4.026958553381544226e-04
-3.317448586110933301e-04 4.113762129375726577e-04
-3.383551092173718903e-04 4.101648112121671270e-04
-3.353945365981978225e-04 4.039407934252939834e-04
-3.547769398294714147e-04 4.132654241103415264e-04
-3.488650371654857104e-04 4.234491691914911708e-04
-3.394413669019791268e-04 4.200250753040564791e-04
-3.343906013340065169e-04 4.080456717963453330e-04
-3.258923268371344945e-04 4.023548127377389832e-04
-3.279676928559901636e-04 4.059781000603331557e-04
-3.195437861417284157e-04 4.008035489367319849e-04
-3.226695689235096315e-04 3.942253031516134592e-04
-3.348969722174178999e-04 3.995670153673252828e-04
-3.238629637302795636e-04 3.905607587913178386e-04
-3.137376222653043018e-04 3.973459027733607443e-04
-3.287045450196728145e-04 3.979360680748009974e-04
-3.200583948933058442e-04 3.974520138957161907e-04
-3.206920579344209581e-04 3.922517436176371753e-04
-3.159278345419809031e-04 3.821079902006363493e-04
-3.156417370016386141e-04 3.939399579696490792e-04
-3.174884125611935346e-04 3.865306227270152994e-04
-3.091357562995759043e-04 3.872272813673689361e-04
-3.127130902086372715e-04 3.891352248278552605e-04
-3.068979170187623976e-04 3.783771032981880366e-04
-2.958753231574433730e-04 3.756124550171086756e-04
-2.977429476892191288e-04 3.709190129991432020e-04
-2.953160754513438520e-04 3.660624282503403067e-04
-2.948566507712933231e-04 3.756581736174055140e-04
-2.960468658625396579e-04 3.806463544276320467e-04
-2.894398833036404680e-04 3.869039064843894150e-04
-2.833592857536832029e-04 3.798689660448084410e-04
-2.768315816531148393e-04 3.705885389389556748e-04
-2.767496815701120513e-04 3.700486878410413319e-04
-2.831975275075442706e-04 3.677338757357084213e-04
-2.713169938208021990e-04 3.569651824077820163e-04
-2.849261227508934503e-04 3.716573948651774031e-04
-2.850299078092285174e-04 3.656457289800201199e-04
-2.951941286651493150e-04 3.694192898374824190e-04
-2.853908156777534258e-04 3.599234392466042071e-04
-2.767240692878189740e-04 3.486957584295538549e-04
-2.803979716589321256e-04 3.545359647872638122e-04
-2.729847007683486640e-04 3.373169653795744512e-04
-2.843318319750894334e-04 3.456187746292865609e-04
-2.812452950742631006e-04 3.504034122090743820e-04
-2.812285550519670737e-04 3.340310476989194000e-04
-2.822025179689242142e-04 3.421016552376230941e-04
-2.703126356483764197e-04 3.338517111131736890e-04
-2.665283130961660523e-04 3.361095481784912779e-04
-2.618460337096044843e-04 3.407349687762500651e-04
-2.656195859119430194e-04 3.480403620341394649e-04
-2.627773590639572864e-04 3.426233468423710835e-04
-2.611842761395192082e-04 3.416272911566642085e-04
-2.686382784809279050e-04 3.428187370562263241e-04
-2.695913123177640048e-04 3.471886741145516252e-04
-2.686743626077390244e-04 3.515680335237351853e-04
-2.716112176679991294e-04 3.424187112304210071e-04
-2.620389183756774540e-04 3.323163816222921246e-04
-2.701534596571379004e-04 3.261892242105252581e-04
-2.611393715672289382e-04 3.293066932265845017e-04
-2.515306548171507240e-04 3.161633775558833149e-04
-2.432404063624315333e-04 3.061878941665871013e-04
-2.387700502461505216e-04 3.090064794531998142e-04
-2.329555185463659972e-04 3.053907316612325786e-04
-2.448824817551190102e-04 3.022792941434789124e-04
-2.388681496729513779e-04 3.018019726844264720e-04
-2.322420942879341397e-04 2.919633251357751924e-04
-2.301670245817910641e-04 2.930162446673170067e-04
-2.341670322101243749e-04 3.125036152733251808e-04
-2.328588898781846887e-04 3.139841671999513205e-04
-2.256402040908526312e-04 3.092234841819888449e-04
-2.182149704996627247e-04 3.083500839689489142e-04
-2.289064350083714673e-04 2.972129267222541516e-04
-2.325405042663882416e-04 2.989597642524068652e-04
-2.277201599195593335e-04 2.898007234932233902e-04
-2.238822513935993601e-04 2.970288072522598460e-04
-2.210681359683703434e-04 2.919979560292623234e-04
-2.205804870857734949e-04 2.913878376071098045e-04
-2.226403681354869343e-04 3.020416421768435116e-04
-2.282999483394088233e-04 3.001100801694792076e-04
-2.324029914833607602e-04 2.938627364873780683e-04
-2.297966685138070763e-04 2.899783875952623440e-04
-2.309404802938907402e-04 2.856176835439073482e-04
-2.272685905005614865e-04 2.882118270616783350e-04
-2.301382534328160314e-04 2.916553667546198771e-04
-2.418995378025933483e-04 2.909626328070463166e-04
-2.342027109144264262e-04 2.874251860314442166e-04
-2.285480674614518923e-04 2.933284849368368694e-04
-2.325979124771287640e-04 2.960010063717247088e-04
-2.291546004032429058e-04 2.884476538389057587e-04
-2.279232186208052084e-04 2.887758043384188529e-04
-2.361595989413390977e-04 2.987203522175581110e-04
-2.302169450979182398e-04 2.897713831781513461e-04
-2.252885280953926942e-04 2.967713077574479796e-04
-2.161948153649252463e-04 3.027589782193101106e-04
-2.153747697939325113e-04 2.978531586469828078e-04
-2.103997800916342228e-04 2.896297132774913936e-04
-2.019220942444506723e-04 2.984603327228866894e-04
-2.122801033804493770e-04 2.934603867743378167e-04
-2.114549534944967898e-04 2.901826079991781790e-04
-2.257541255065249799e-04 2.923674562633149726e-04
-2.258235750274322146e-04 2.913688952782403970e-04
-2.190480381543832790e-04 2.821720525392476596e-04
-2.163963931382354192e-04 2.859493918426280292e-04
-2.312614705469136288e-04 2.889111461818150649e-04
-2.356641500305829131e-04 2.863314591708828144e-04
-2.241050776532819944e-04 2.905792556963717474e-04
-2.292548485810978569e-04 2.968629526953075223e-04
-2.241126732474620640e-04 2.882281531062636350e-04
-2.238236033282047801e-04 2.892194296976054700e-04
-2.198482520688732882e-04 2.835604167138766510e-04
-2.124063165705944445e-04 2.721396499855956381e-04
-2.107844130054899352e-04 2.652619794069516787e-04
-2.194197872290417955e-04 2.729113215107899183e-04
-2.168207710700140731e-04 2.772399024431427628e-04
-2.085648965689396997e-04 2.784501166798217481e-04
-1.974122323738428510e-04 2.731060369149767826e-04
-1.957903152743670184e-04 2.671322715311172553e-04
-1.970839046059229618e-04 2.582448737217619625e-04
-1.964025459483266208e-04 2.489497587020441608e-04
-1.948318129742365062e-04 2.413976287486908272e-04
-1.919997923058439689e-04 2.440484916607164986e-04
-1.987368106068333144e-04 2.406459160018969436e-04
-2.016751028557714086e-04 2.426206805410151474e-04
-1.910974362506794781e-04 2.422686635710985872e-04
-1.975527737380143958e-04 2.565632750637652387e-04
-1.970299115901608469e-04 2.583584920437161916e-04
-1.884689739642451500e-04 2.636967621065126129e-04
-1.757590374379207061e-04 2.639522143146583828e-04
-1.768625688117253026e-04 2.594320134741693500e-04
-1.697495308254125333e-04 2.580259597469305804e-04
-1.598841581637394595e-04 2.597509239775046405e-04
-1.593204798344367639e-04 2.687517135632598738e-04
-1.595473364774506746e-04 2.645422800774774211e-04
-1.486112125638870826e-04 2.656154484334464333e-04
-1.496400602519103510e-04 2.618087394971728996e-04
-1.499704726312546380e-04 2.615004451289651682e-04
-1.634288296214366474e-04 2.529518106071833848e-04
-1.655925349725834541e-04 2.509971312260115390e-04
-1.676869736347287826e-04 2.508394444173360906e-04
-1.661307447424839471e-04 2.548737283922726288e-04
-1.695275344750466233e-04 2.590510839952984523e-04
-1.664172463490125352e-04 2.623205176707775780e-04
-1.661494259811103146e-04 2.594209045326864430e-04
-1.581656363905999270e-04 2.478524949367057260e-04
-1.620539923007601444e-04 2.413413840305682020e-04
-1.621978328082358041e-04 2.358351668138413803e-04
-1.609109391820199176e-04 2.408041498494800539e-04
-1.678470832623190441e-04 2.366888935961457903e-04
-1.682766743222683791e-04 2.233631261728613799e-04
-1.688506730333325817e-04 2.212750228114691289e-04
-1.714995665101869658e-04 2.285216968488037613e-04
-1.720468759797181776e-04 2.215795238469921386e-04
-1.787515364114107292e-04 2.244625626068551803e-04
-1.797314793504952552e-04 2.213702233942123386e-04
-1.767191995743641554e-04 2.190962268369511367e-04
-1.652114599279413140e-04 2.172141975689407243e-04
-1.591150417015432166e-04 2.184118895470417464e-04
-1.566990668910755763e-04 2.145051538025496962e-04
-1.653768556853346921e-04 2.211431843995189902e-04
-1.715074765013036614e-04 2.222024735910010354e-04
-1.636295754200769179e-04 2.197613456402735491e-04
-1.811981437773934830e-04 2.273544768342068093e-04
-1.861425937893186665e-04 2.206474028405249930e-04
-1.825262522261105423e-04 2.151677657460998789e-04
-1.786765782791893535e-04 2.117497443049020354e-04
-1.714760422421531579e-04 2.155799781357533326e-04
-1.685064736182174147e-04 2.210429494477420410e-04
-1.782937511105874863e-04 2.175008697775640196e-04
-1.671862185648982440e-04 2.252443387683957551e-04
-1.713027850117258377e-04 2.244161092868219838e-04
-1.719295609025538413e-04 2.231842425827255233e-04
-1.697949665448631558e-04 2.285051179946536750e-04
-1.678978351171603973e-04 2.300020924921026926e-04
-1.631122464918962093e-04 2.373257492156694124e-04
-1.493785208015237112e-04 2.314522295144882719e-04
-1.450264497872438309e-04 2.356056490580474934e-04
-1.417350788684726632e-04 2.434999961121120870e-04
-1.456439649160541909e-04 2.479448198809266015e-04
-1.544893737064197364e-04 2.459930993094505973e-04
-1.579257635860656372e-04 2.491651896867463759e-04
-1.533093975051159463e-04 2.564775310583357793e-04
-1.493923097377301834e-04 2.454002548178252081e-04
-1.450201303208358190e-04 2.420563636945827928e-04
-1.466979334766054974e-04 2.317306249819723219e-04
-1.494288661454448697e-04 2.332500359207261692e-04
-1.510574897499173384e-04 2.253693033508820419e-04
-1.496717553350910613e-04 2.234059550498311640e-04
-1.557388423524174923e-04 2.240752958419971793e-04
-1.514124486360137758e-04 2.189162316632827573e-04
-1.518717833444579134e-04 2.174981680330925640e-04
-1.507404885867423636e-04 2.205605598838850654e-04
-1.558026894599318242e-04 2.451511743035098695e-04
-1.508621339752143386e-04 2.327352190630480294e-04
-1.522779703316670457e-04 2.303650916007993546e-04
-1.482446586488385528e-04 2.236572099170458668e-04
-1.468773036866010502e-04 2.273993342311963583e-04
-1.482222899092659101e-04 2.308543056666922434e-04
-1.389296851866338688e-04 2.242531138380993161e-04
-1.372105864125941791e-04 2.172107313867319286e-04
-1.378829154886599838e-04 2.121742225334606851e-04
-1.308748598623041693e-04 2.086647005748748930e-04
-1.352882222845090058e-04 2.109061935090367191e-04
-1.481533016529819335e-04 2.048323442100305209e-04
-1.491282980427494152e-04 2.207791272828638226e-04
-1.475245001895685894e-04 2.234966268778876286e-04
-1.494096649260923549e-04 2.355655041962043713e-04
-1.465127531732702344e-04 2.361577084975324207e-04
-1.492697675614197206e-04 2.353321007746812593e-04
-1.544417564336446249e-04 2.272079137046389356e-04
-1.538945105333005723e-04 2.281913009846908767e-04
-1.545261498939748813e-04 2.209689329709459854e-04
-1.491561175104076881e-04 2.253753031034911344e-04
-1.525918462068945032e-04 2.264426971430314654e-04
-1.482454863246144509e-04 2.329279282347989624e-04
-1.388963687229806485e-04 2.401133101498742310e-04
-1.314900534634136581e-04 2.338630109527646626e-04
-1.149073576419236338e-04 2.358522618117642352e-04
-1.128276824407395212e-04 2.354014434704915215e-04
-1.044037751857847403e-04 2.284296934060163259e-04
-9.817802028610743696e-05 2.281274606864534555e-04
-9.472279878368823375e-05 2.173926185218157505e-04
-1.005713977317629668e-04 2.051201975078397149e-04
