4.901255241317516442e-01
4.899691079320301901e-01
4.898128713671213719e-01
4.896564714804989005e-01
4.894997395191336698e-01
4.893431731981586763e-01
4.891869639369422207e-01
4.890319558994771221e-01
4.888765465038838465e-01
4.887206059173440087e-01
4.885653976863632009e-01
4.884107269790461392e-01
4.882557196059880145e-01
4.881001821483983427e-01
4.879444802485068400e-01
4.877888668173323561e-01
4.876331566230948655e-01
4.874773764608522075e-01
4.873203463228354404e-01
4.871621831609796449e-01
4.870031996483804582e-01
4.868434973777520103e-01
4.866838206170003289e-01
4.865234434388209794e-01
4.863638300763077904e-01
4.862055029472629464e-01
4.860479679654683971e-01
4.858910052328138107e-01
4.857348842578878001e-01
