3.369056898215373463e-01
3.363374888387568595e-01
3.357679237805988870e-01
3.351983631079542003e-01
3.346264437292271188e-01
3.340540991231227830e-01
3.334810203723980182e-01
3.329043911298140146e-01
3.323274627988745955e-01
3.317486555475124277e-01
3.311710259625333941e-01
3.305932797723501460e-01
3.300163665729983764e-01
3.294391615919689542e-01
3.288585603225552267e-01
3.282750916528761609e-01
3.276895647766706055e-01
3.271014704699396480e-01
3.265156580414728116e-01
3.259294682247279584e-01
3.253408857905323859e-01
3.247539601869343651e-01
3.241692632085600434e-01
3.235822080303433768e-01
3.229917832689296331e-01
3.223989947745887763e-01
3.218072382310256940e-01
3.212157486367727688e-01
3.206244893846695865e-01
3.200376093611380646e-01
3.194504055800103104e-01
3.188663169351253490e-01
3.182776426095635935e-01
3.176858762232034894e-01
3.170914409888152541e-01
3.164986634451797398e-01
3.159096802603539311e-01
3.153201509753113529e-01
3.147293812545366998e-01
3.141419681233563188e-01
3.135564343796165554e-01
3.129709910368358994e-01
3.123836998789976671e-01
3.117943645457721957e-01
3.112002163492457729e-01
3.106041681869582960e-01
3.100063858245231119e-01
3.094061601082950808e-01
3.088076253104632962e-01
3.082106125134610464e-01
3.076164043091801359e-01
3.070237664125037846e-01
3.064279652622903249e-01
3.058352423056203140e-01
3.052423702332747735e-01
3.046551282304295616e-01
3.040714440461314005e-01
3.034849822979140410e-01
3.028990930434522499e-01
3.023149385208200868e-01
3.017305537757827283e-01
3.011440476552569856e-01
3.005574069713708441e-01
2.999782148570188101e-01
2.994017528487694091e-01
2.988265239631087145e-01
2.982508336751326095e-01
2.976728306193223705e-01
2.970964314783443028e-01
2.965139811733735753e-01
2.959257465953671895e-01
2.953394114822305849e-01
2.947575976540462994e-01
2.941775223013041729e-01
2.935948951466531009e-01
2.930139722823992821e-01
2.924359941219253911e-01
2.918504496726825881e-01
2.912685748160701027e-01
2.906864592335020037e-01
2.901067643629490767e-01
2.895321124991412920e-01
2.889584721236280185e-01
2.883869353861824303e-01
2.878140384315950318e-01
2.872461039466754351e-01
2.866766150952143599e-01
2.861137940606289787e-01
2.855576971979876810e-01
2.849981698026868848e-01
2.844424135281802268e-01
2.838882357208333818e-01
2.833356294220522598e-01
2.827781110591771063e-01
2.822178995420516201e-01
2.816614675178787386e-01
2.811003490361769774e-01
2.805401113410658787e-01
2.799754832879752242e-01
2.794098608499146486e-01
2.788429777312069202e-01
2.782796074785287566e-01
2.777180294801198102e-01
2.771574995773309902e-01
2.765994917168242417e-01
2.760458899829182355e-01
2.754929729638950220e-01
2.749365002993529039e-01
2.743807168986071021e-01
2.738292008814864897e-01
2.732809616212520387e-01
2.727341014986311429e-01
2.721916663329133623e-01
2.716497358290308473e-01
2.711085761485201862e-01
2.705706340984277425e-01
2.700323739491304886e-01
2.694962158619959025e-01
2.689557868321127976e-01
2.684150863882601712e-01
2.678736008337923580e-01
2.673337224615062180e-01
2.667928263741429218e-01
2.662519139440208682e-01
2.657143220830243679e-01
2.651745922796588384e-01
2.646325016412529041e-01
2.640888995434479414e-01
2.635502645002677502e-01
2.630112653084227814e-01
2.624710755047152677e-01
2.619328110097305373e-01
2.613936805898742777e-01
2.608556871008117506e-01
2.603212767724161769e-01
2.597860691840463976e-01
2.592453319086648333e-01
2.587018583218522183e-01
2.581550968210459263e-01
2.576127630784576517e-01
2.570750388238323136e-01
2.565439931031902598e-01
2.560092172835529145e-01
2.554797369653631356e-01
2.549573358095525988e-01
2.544374715193418179e-01
2.539186748179355080e-01
2.533922954879461731e-01
2.528678035139106939e-01
2.523532893335527771e-01
2.518364709169020332e-01
2.513267721695007784e-01
2.508168535383831776e-01
2.503097269475816344e-01
2.498040788688309921e-01
2.492983315976173009e-01
2.487955972697339369e-01
2.482904365207818931e-01
2.477884287247256734e-01
2.472881427530261300e-01
2.467871311270622980e-01
2.462843836525335506e-01
2.457827994821206175e-01
2.452847392146023930e-01
2.447935392786998732e-01
2.442998751225105014e-01
2.438045047119397624e-01
2.433086838459757595e-01
2.428141953205171233e-01
2.423161915376245423e-01
2.418232271572668957e-01
2.413272533954593790e-01
2.408333648385471149e-01
2.403384427579800253e-01
2.398475637188971499e-01
2.393597045991673888e-01
2.388773955027077012e-01
2.383902627906986649e-01
2.379051347618864887e-01
2.374211438680009501e-01
2.369366354792535323e-01
2.364525267919821150e-01
2.359692254386293875e-01
2.354837262529961006e-01
2.349954325913811704e-01
2.345109825414846139e-01
2.340289838631621488e-01
2.335471523337449562e-01
2.330693373612895136e-01
2.325960922943532405e-01
2.321250330077579416e-01
2.316535259761879628e-01
2.311855350704900003e-01
2.307230036364732173e-01
2.302569363948011039e-01
2.297988789446590296e-01
2.293438954883606773e-01
2.288929078829351205e-01
2.284386332840139811e-01
2.279893221248782964e-01
2.275361201865106764e-01
2.270867006964940038e-01
2.266339115727331321e-01
2.261810615967563554e-01
2.257286298960864135e-01
2.252799420662384700e-01
2.248247517921685978e-01
2.243727866837090246e-01
2.239239130590468529e-01
2.234759269056381115e-01
2.230254991758867100e-01
2.225756151271016670e-01
2.221261427901121965e-01
2.216723049952975255e-01
2.212167090707596873e-01
2.207667725452489849e-01
2.203188479785064824e-01
2.198783000551552402e-01
2.194410097400423532e-01
2.190041876598476656e-01
2.185695599239197429e-01
2.181308111008634087e-01
2.176941629320521265e-01
2.172594153428350494e-01
2.168226355870815358e-01
2.163891565116058957e-01
2.159579848662248613e-01
2.155264717881920922e-01
2.150963240986656921e-01
2.146678177093160056e-01
2.142368523652632972e-01
2.138060541758773636e-01
2.133767784136307577e-01
2.129517186004174223e-01
2.125240053492251924e-01
2.120961877511718663e-01
2.116652993327572396e-01
2.112310832574516850e-01
2.107991088625661424e-01
2.103723387824878166e-01
2.099453445713214128e-01
2.095241004717888489e-01
2.091031758593683565e-01
2.086802058923957204e-01
2.082568499273592943e-01
2.078296366332542944e-01
2.074051673915901228e-01
2.069847242721739589e-01
2.065663281337435930e-01
2.061457749745216894e-01
2.057280270666573263e-01
2.053108311440638711e-01
2.048979958443342964e-01
2.044845386577906210e-01
2.040701350424628524e-01
2.036545156870355755e-01
2.032378019960946192e-01
2.028225202143109085e-01
2.024094757131987554e-01
2.019960516300681463e-01
2.015854502495568190e-01
2.011823841895951648e-01
2.007781543695310589e-01
2.003749024074718554e-01
1.999695717574762055e-01
1.995622271190888031e-01
1.991556176037363735e-01
1.987469152997641542e-01
1.983330548095277590e-01
1.979210771585176165e-01
1.975084064523637828e-01
1.970931521657608709e-01
1.966794146960553213e-01
1.962647718159569454e-01
1.958501445964191678e-01
1.954396387092116327e-01
1.950305548971984493e-01
1.946203806249683366e-01
1.942112325278894103e-01
1.938043022848833508e-01
1.933988085136926216e-01
1.929955339917538149e-01
1.925935929369900490e-01
1.921929237295246229e-01
1.917892276645292160e-01
1.913872818773330597e-01
1.909793580018362968e-01
1.905739314280308627e-01
1.901652149956463700e-01
1.897590574799726815e-01
1.893492456540797897e-01
1.889403520690179084e-01
1.885303412650820298e-01
1.881225265258991142e-01
1.877157408971881769e-01
1.873069008811288350e-01
1.869000210702307374e-01
1.864940650133111166e-01
1.860862614701586093e-01
1.856742772612750558e-01
1.852588166540415082e-01
1.848434956498971882e-01
1.844257200923936357e-01
1.840048676909461500e-01
1.835873895403616063e-01
1.831656716295626819e-01
1.827475700297088168e-01
1.823353473647040812e-01
1.819270570206047988e-01
1.815190337732898729e-01
1.811072097127611746e-01
1.806927243097848357e-01
1.802824359366037021e-01
1.798696363471492810e-01
1.794573589797867630e-01
1.790454222213471447e-01
1.786412391243898390e-01
1.782335617872489453e-01
1.778266079994781368e-01
1.774151994782610653e-01
1.769985153935535738e-01
1.765813287791527242e-01
1.761607577759823906e-01
1.757462417528601883e-01
1.753402239547807717e-01
1.749294829922638517e-01
1.745186266741614034e-01
1.741135998838122256e-01
1.737031050051623116e-01
1.732962630132166282e-01
1.728879607521729145e-01
1.724753604019969022e-01
1.720627194987904007e-01
1.716564160495205049e-01
1.712463451013720439e-01
1.708341123357782210e-01
1.704206898675370008e-01
1.700036144600566013e-01
1.695856533886982431e-01
1.691638280551907569e-01
1.687469419646093760e-01
1.683316222662931128e-01
1.679139914077988072e-01
1.674958920125411976e-01
1.670769225290932858e-01
1.666536109317650893e-01
1.662338396808129282e-01
1.658188177496463245e-01
1.654052737873029089e-01
1.649949767230426134e-01
1.645857839358528252e-01
1.641730874638034077e-01
1.637589867478433658e-01
1.633388495636384219e-01
1.629175589819198411e-01
1.624939525510569471e-01
1.620692675264451821e-01
1.616399544610218342e-01
1.612102638779318586e-01
1.607834706435238570e-01
1.603597190202059597e-01
1.599255895592171517e-01
1.594924953322563177e-01
1.590501823382982072e-01
1.586081360355713066e-01
1.581668302262801418e-01
1.577217997432858454e-01
1.572781206798787024e-01
1.568390789605721702e-01
1.563971643551554935e-01
1.559555462498060374e-01
1.555099136711466656e-01
1.550631152369051358e-01
1.546110819021481175e-01
1.541632198534520770e-01
1.537118216577901264e-01
1.532630627831279568e-01
1.528137408581888845e-01
1.523687195300856001e-01
1.519173911451706660e-01
1.514654421649955229e-01
1.510147338330890543e-01
1.505625464425425775e-01
1.501094755551344306e-01
1.496542842328218992e-01
1.491994166187893267e-01
1.487440263189118428e-01
1.482831203220035809e-01
1.478311301308764814e-01
1.473741865445366284e-01
1.469183229886439901e-01
1.464599010404566970e-01
1.460023758975954045e-01
1.455418754451251184e-01
1.450841154922646314e-01
1.446178519709453159e-01
1.441502327791444882e-01
1.436741824992580352e-01
1.431962111236478874e-01
1.427157904588217119e-01
1.422356358929726394e-01
1.417531812484293108e-01
1.412742065945954140e-01
1.407993687487968104e-01
1.403225733533092767e-01
1.398458045213276657e-01
1.393719522324332605e-01
1.389009053716863951e-01
1.384282587665524589e-01
1.379570274545745545e-01
1.374823748853692684e-01
1.370064092139607892e-01
1.365285678615908438e-01
1.360509663736987895e-01
1.355661901959675508e-01
1.350809309121876467e-01
1.345915468194993636e-01
1.340936473407789709e-01
1.336001922782621698e-01
1.331000262672751844e-01
1.326002471284346840e-01
1.321035194143086455e-01
1.316038297231937881e-01
1.311034486586663550e-01
1.306027883206636597e-01
1.301041340326659634e-01
1.296002919016608912e-01
1.290999363149084589e-01
1.286004708120701556e-01
1.280949615836935729e-01
1.275943396841167643e-01
1.270931001328130805e-01
1.265842243907512599e-01
1.260734253084190848e-01
1.255616022819927569e-01
1.250544237374654755e-01
1.245514374031883864e-01
1.240491102499359372e-01
1.235404951140056384e-01
1.230316284827901591e-01
1.225226404864990792e-01
1.220155542647098218e-01
1.215108039421931851e-01
1.210009420437109795e-01
1.204945502363595489e-01
1.199890690700147894e-01
1.194830397327004690e-01
1.189810392612736523e-01
1.184774150150587624e-01
1.179686848653647424e-01
1.174640117252551685e-01
1.169511061452938872e-01
1.164348167136307205e-01
1.159133949078618303e-01
1.153894880095923808e-01
1.148608519022024793e-01
1.143366216541613911e-01
1.138161000295143804e-01
1.132916020005711039e-01
1.127689949414604764e-01
1.122444594388314759e-01
1.117232791190030383e-01
1.111992927503451384e-01
1.106735933953122974e-01
1.101486331412702691e-01
1.096287148319633614e-01
1.091117129498986177e-01
1.085974162177500979e-01
1.080876175113145987e-01
1.075736358734377812e-01
1.070613882053089161e-01
1.065566072394822372e-01
1.060484906576603797e-01
1.055380619722539187e-01
1.050330684612143378e-01
1.045286497397742292e-01
1.040297409716018362e-01
1.035258728951775203e-01
1.030210763349893310e-01
1.025122700621214772e-01
1.020066341053231102e-01
1.014962955032180369e-01
1.009878778995254023e-01
1.004758166574261369e-01
9.996985249451939559e-02
9.946953658302522261e-02
9.896707430132629935e-02
9.846316648437418440e-02
9.796186854854620207e-02
9.746225292958608788e-02
9.695813444081408106e-02
9.645574993583187762e-02
9.594066195496261940e-02
9.542743039617428147e-02
9.491826335923642111e-02
9.440867500486081754e-02
9.389848431392877615e-02
9.338981975202534369e-02
9.287763233589764467e-02
9.236806845908586416e-02
9.185782245616551378e-02
9.134783771315603540e-02
9.083254425174337732e-02
9.031809557820669188e-02
8.980869535902910594e-02
8.930159239220469836e-02
8.879157602811883765e-02
8.827660129007984524e-02
8.776280731774264987e-02
8.724443279412480434e-02
8.672928078270022989e-02
8.621435977841564180e-02
8.569274371978209681e-02
8.517387492437503149e-02
8.465702945911250665e-02
8.414287036138438924e-02
8.364050591696434167e-02
8.313820333878180202e-02
8.263603602052954633e-02
8.213416267060655307e-02
8.163074694630409467e-02
8.112919218215826345e-02
8.063342723467969986e-02
8.014753125427173663e-02
7.965748823089395525e-02
7.917022798897571656e-02
7.868524542162452784e-02
7.819596695099580164e-02
7.770739359991217510e-02
7.721925894626011089e-02
7.673327897604634296e-02
7.625269845173832106e-02
7.577847173461250974e-02
7.530337263472265674e-02
7.482826749243544351e-02
7.435888687261105190e-02
7.388753959867060128e-02
7.341374438983085116e-02
7.294018506653235367e-02
7.246990828118253514e-02
7.200187293653438625e-02
7.153367339034119587e-02
7.107379737977166656e-02
7.061173432268404160e-02
7.014860656299816422e-02
6.968715115555006168e-02
6.923245786118614742e-02
6.877615370863028599e-02
6.832435339674210184e-02
6.787268466546493573e-02
6.741980293853469530e-02
6.696557865021622591e-02
6.651578636476035422e-02
6.606486963930952028e-02
6.561382348127176023e-02
6.515908302829491461e-02
6.471008472399122913e-02
6.426727603623925977e-02
6.382047596582948734e-02
6.337573224852716125e-02
6.293206586512317680e-02
6.249303827844419207e-02
6.205371706623594164e-02
6.161358054439153298e-02
6.117439991282921929e-02
6.073564836628833619e-02
6.029975590289474163e-02
5.987016068385372231e-02
5.944440358470991226e-02
5.902821153467525950e-02
5.861988005890481773e-02
5.820923859627227109e-02
5.779707895101134085e-02
5.738837369428957669e-02
5.698232708173535388e-02
5.657884993710911303e-02
5.616936474322685446e-02
5.575946792520356660e-02
5.534915218554805477e-02
5.494291243584491918e-02
5.453967091939362216e-02
5.413699444520801707e-02
5.373412647016138216e-02
5.333970226363266010e-02
5.294397533576516296e-02
5.254745249713211469e-02
5.214622247980491704e-02
5.174773534773603051e-02
5.134679367019329144e-02
5.094716221686373253e-02
5.055355520059080093e-02
5.016258593254113718e-02
4.977533939040000577e-02
4.939267966213807537e-02
4.901359890840336492e-02
4.864273668011122320e-02
4.827552911763278304e-02
4.790764487277763412e-02
4.754004945241038782e-02
4.717653933610328060e-02
4.680996716889865988e-02
4.644477584558635158e-02
4.607495372137247053e-02
4.571167082982578733e-02
4.534959238457512976e-02
4.498947888307701370e-02
4.463259331319357343e-02
4.427022354325793607e-02
4.391052914238429555e-02
4.355389695815538309e-02
4.320189629412997390e-02
4.285030317743693251e-02
4.249718164571661405e-02
4.214224141249608979e-02
4.178467179097885426e-02
4.142798742319640098e-02
4.107904815518193670e-02
4.073728683513891391e-02
4.039214092990963539e-02
4.004897029716168733e-02
3.970973321075157991e-02
3.937587565062768830e-02
3.904599728140652898e-02
3.872003911144244331e-02
3.839140141608370776e-02
3.806757858262219130e-02
3.774798635539181740e-02
3.743878876716028037e-02
3.713141918033340677e-02
3.682378684677922037e-02
3.652136392452434016e-02
3.622165010117259221e-02
3.592054537118230528e-02
3.562291420375423429e-02
3.532537144086057845e-02
3.502994350760836595e-02
3.473333806299919169e-02
3.443403846275598645e-02
3.414298233111899561e-02
3.385166845375828931e-02
3.356072713213087422e-02
3.327105845712470533e-02
3.298841002164280140e-02
3.270527136382558875e-02
3.242139450235510811e-02
3.213351649596295212e-02
3.184540096475805410e-02
3.156003168403098691e-02
3.128104544554987515e-02
3.100744903205016056e-02
3.073303657683759682e-02
3.046020008640078908e-02
3.019257550817973715e-02
2.992653981722316961e-02
2.966822113658252810e-02
2.941311729692720409e-02
2.916100808877064229e-02
2.890537241073698471e-02
2.865643896487666750e-02
2.840794667734210938e-02
2.816136728531040342e-02
2.790973045612652956e-02
2.765935464173640071e-02
2.741480634348037251e-02
2.717158690592356637e-02
2.692880367116627649e-02
2.669491175071814909e-02
2.645535072241123054e-02
2.622076514795396163e-02
2.598962088932473685e-02
2.575937630929092670e-02
2.553082422677847851e-02
2.530404085339130194e-02
2.507820642461658020e-02
2.485860116707227715e-02
2.464514023587173475e-02
2.442812267281934541e-02
2.420729196248467760e-02
2.399269251151171442e-02
2.378367195007527815e-02
2.357617177588270524e-02
2.337191948160272439e-02
2.317316744497355252e-02
2.297312717865962819e-02
2.277678486012692585e-02
2.257936604424367819e-02
2.238275580526339487e-02
2.218744952402241719e-02
2.199147675890992734e-02
2.180157775570620501e-02
2.160948388342192467e-02
2.142142300860502141e-02
2.123068055157432271e-02
2.104339495802972845e-02
2.085934297186341213e-02
2.067192640623170818e-02
2.048742683545263371e-02
2.030556029489347797e-02
2.012212495497105527e-02
1.993568441636194011e-02
1.975125528744773803e-02
1.957661394909552058e-02
1.940448116416364915e-02
1.923010535234885923e-02
1.905799495974307145e-02
1.888155448911596479e-02
1.870659563598051425e-02
1.853308720599416981e-02
1.836259843349615298e-02
1.819897463591495235e-02
1.803127530142081131e-02
1.786379931963605339e-02
1.769858652945791727e-02
1.753737510971328448e-02
1.737616607227817495e-02
1.721341046652297146e-02
1.705201364911624815e-02
1.688770970262020929e-02
1.672773310559346957e-02
1.657214816565139720e-02
1.642088322392710326e-02
1.627243744448027274e-02
1.612533220697730946e-02
1.597761476501024722e-02
1.583034549423137372e-02
1.568178849437310007e-02
1.553519603741577298e-02
1.539223876445347527e-02
1.524887808313296969e-02
1.510742980549808177e-02
1.496888975688226257e-02
1.483737850077413573e-02
1.470291444798403103e-02
1.457203836148932355e-02
1.444233189573730300e-02
1.431181455455854401e-02
1.418134814494125678e-02
1.404841849477885506e-02
1.391672032411308928e-02
1.377885295398037155e-02
1.364042552191361939e-02
1.350276302532478316e-02
1.336556673695151777e-02
1.322645769249864225e-02
1.309284182751631678e-02
1.296179363384026423e-02
1.283399754468020695e-02
1.270295844392960866e-02
1.257501573118445168e-02
1.244691547413984654e-02
1.232391597870823030e-02
1.220287159614942378e-02
1.208364707138734513e-02
1.196931975045320215e-02
1.185513658460888090e-02
1.174171555973173818e-02
1.162818046148572822e-02
1.151901023074890749e-02
1.141279583349223345e-02
1.130487511345526497e-02
1.119359237631174613e-02
1.108093154325285636e-02
1.096857279643766517e-02
1.085740890674262438e-02
1.074649177394433781e-02
1.063632771068528590e-02
1.052892873565898328e-02
1.042370135336310837e-02
1.031908826355487294e-02
1.021332217669418396e-02
1.010940450853245118e-02
1.000725489386246510e-02
9.910061471049334478e-03
9.813066431101783241e-03
9.715758249442171465e-03
9.618582111889146039e-03
9.523256084312127501e-03
9.429560437540378953e-03
9.338061322480963738e-03
9.245786482194097780e-03
9.154287458316407930e-03
9.064556834857247225e-03
8.972782386141534006e-03
8.884105543012220038e-03
8.799174119554182411e-03
8.711976941642343708e-03
8.625150858760123607e-03
8.539064674489334900e-03
8.453904557122518190e-03
8.370691390298586401e-03
8.288465046998139824e-03
8.207625412837333406e-03
8.126313279831981831e-03
8.044727439373844380e-03
7.966583932362766157e-03
7.891142485628790948e-03
7.815506032182952326e-03
7.737006240939293955e-03
7.659560597328289415e-03
7.580934662026238627e-03
7.498969741048400889e-03
7.419493728120524906e-03
7.341102556854170805e-03
7.262926071676335284e-03
7.187349911828004589e-03
7.112909446593838891e-03
7.037206824534117909e-03
6.961971563635144591e-03
6.889231339843990623e-03
6.819953940164237387e-03
6.750228904159479536e-03
6.680089893884751974e-03
6.612200337799229062e-03
6.544724746985026813e-03
6.478338724868568099e-03
6.409631385844092623e-03
6.344038898083507495e-03
6.279259111959463110e-03
6.215754910502958169e-03
6.155649923628684836e-03
6.095326629453752879e-03
6.036982334551292684e-03
5.981587908349370562e-03
5.924647964088701133e-03
5.866386305753461088e-03
5.808455796461303722e-03
5.751187050384332609e-03
5.694518524383619835e-03
5.640318457726344742e-03
5.586281964316683162e-03
5.533384953394013608e-03
5.479890513576472430e-03
5.425919545995835751e-03
5.370566163996330633e-03
5.316578543317136696e-03
5.263297038038086684e-03
5.210228496861585637e-03
5.159763775798006068e-03
5.111044351023680959e-03
5.062895786287588407e-03
5.016612553854615103e-03
4.971226096111519381e-03
4.925140778706741176e-03
4.881341402762091886e-03
4.835584547373429978e-03
4.789714688855500890e-03
4.743598140690072351e-03
4.698554999756724207e-03
4.654528519834288253e-03
4.610248883536703819e-03
4.565889565824147144e-03
4.522526662906251396e-03
4.479843707648471784e-03
4.438587234621056005e-03
4.397088765713521620e-03
4.357153454054037318e-03
4.319138756652872446e-03
4.282902128563395062e-03
4.247970599968697338e-03
4.212254492011120559e-03
4.177739463464025596e-03
4.142790630803182619e-03
4.107803640840890919e-03
4.070492884134517542e-03
4.031129614074877368e-03
3.994507395183066398e-03
3.958309913845741400e-03
3.922868493632050528e-03
3.887759417614868648e-03
3.855495020172832171e-03
3.823414241753099116e-03
3.791401179934869754e-03
3.759484361293314713e-03
3.726564872775551835e-03
3.695468985123637543e-03
3.663052665620119327e-03
3.630741378963018347e-03
3.596715274435269977e-03
3.564754368932752243e-03
3.534786805282719244e-03
3.504356082987492016e-03
3.470955622268483230e-03
3.436918501347971996e-03
3.402380021487572993e-03
3.366356068156883818e-03
3.331293037618788221e-03
3.295803958341190620e-03
3.260620719530686433e-03
3.228153494615463703e-03
3.195707627505783334e-03
3.164021835575163682e-03
3.131022213619426200e-03
3.097468025274432209e-03
3.065620033517112066e-03
3.033462312408628271e-03
2.999622595446557478e-03
2.968620424364513087e-03
2.938544204819430478e-03
2.910803139505484423e-03
2.884932146802979703e-03
2.858631751455888333e-03
2.831441316542539222e-03
2.803750142217597326e-03
2.774573790544478634e-03
2.747497708256664041e-03
2.729878176935580589e-03
2.712506871283165352e-03
2.695481850095803652e-03
2.678737016682174350e-03
2.661661196080179065e-03
2.644839827446761240e-03
2.628357096177760636e-03
2.612081865637749020e-03
2.595874564365771749e-03
2.579725345114393820e-03
2.563664491143530146e-03
2.547613343283616598e-03
2.531490599612903989e-03
2.515150139550436162e-03
2.498820232605042553e-03
2.482691939032383947e-03
2.467360217589349789e-03
2.452262485222707258e-03
2.437457760708725690e-03
2.422530189254553431e-03
2.407644609461896765e-03
2.393376333319983170e-03
2.379234562350966177e-03
2.364763807532115590e-03
2.350627848213520787e-03
2.336240284911692174e-03
2.322011587079902614e-03
2.308014126041145562e-03
2.294458303977584077e-03
2.281066173252731602e-03
2.267949766392311165e-03
2.254374908484659424e-03
2.240644585295722448e-03
2.227275155156558956e-03
2.213182510897675030e-03
2.199289074603941619e-03
2.185767048011411171e-03
2.172535450427632436e-03
2.159386576474586067e-03
2.146145168495265394e-03
2.132844275342146712e-03
2.119571516133397088e-03
2.106278189263456092e-03
2.093069725801677359e-03
2.079757890620334213e-03
2.066488221918452370e-03
2.053106023233654872e-03
2.040349875351329945e-03
2.027591070452953829e-03
2.014659668051190563e-03
2.001512632485916068e-03
1.988275992757405214e-03
1.974889050604240488e-03
1.961394176387826205e-03
1.948470358709576038e-03
1.935831483818255261e-03
1.923589867795740720e-03
1.911274270594144229e-03
1.899261522579120129e-03
1.887401602534983418e-03
1.875418949184616763e-03
1.863775556042940665e-03
1.852218242116616563e-03
1.840620695382838828e-03
1.828058169319531296e-03
1.816112600446228480e-03
1.804268057355116897e-03
1.792805210522656128e-03
1.781285769823681654e-03
1.769658850364607197e-03
1.758525256603221025e-03
1.747722703947851564e-03
1.737123080849066947e-03
1.726844736103026138e-03
1.716426704989307012e-03
1.705969865688656498e-03
1.694979373289753812e-03
1.683975060132476354e-03
1.672559490928194692e-03
1.661235851809618773e-03
1.649927354113804936e-03
1.638828484581192606e-03
1.627754801296101223e-03
1.616956361044125708e-03
1.606171290145073319e-03
1.595321331259661650e-03
1.584395171455590121e-03
1.573478148501340898e-03
1.562970997326689881e-03
1.552794065340293208e-03
1.542717190138740346e-03
1.533084846359714180e-03
1.523630546705968900e-03
1.514630833381351441e-03
