3.002336143949299041e-01
2.996972417791154419e-01
2.991598118460287448e-01
2.986208832782528133e-01
2.980807899036294617e-01
2.975403991351626143e-01
2.969984370350233216e-01
2.964582890101276624e-01
2.959207383922112800e-01
2.953827262582602864e-01
2.948437309169802956e-01
2.943050518518919301e-01
2.937651144989041896e-01
2.932272711901249829e-01
2.926879923212957202e-01
2.921492189701601072e-01
2.916042834100266434e-01
2.910553984693927676e-01
2.905069020822216297e-01
2.899556330294011941e-01
2.894050372814130356e-01
2.888524276683127057e-01
2.882994719512887438e-01
2.877470519880527267e-01
2.871949792447465732e-01
2.866405088899428022e-01
2.860844320893931592e-01
2.855288355217089347e-01
2.849718003560531843e-01
2.844161614459344012e-01
2.838609918294534573e-01
2.833099835497148167e-01
2.827542038557353532e-01
2.822007514721292520e-01
2.816512356778345660e-01
2.810993496239056477e-01
2.805450471997228412e-01
2.799938840267618412e-01
2.794400743966810596e-01
2.788913234144033693e-01
2.783376742525103809e-01
2.777812058507940218e-01
2.772264596279878091e-01
2.766686225209134542e-01
2.761079233136327638e-01
2.755466508071220400e-01
2.749855257729291735e-01
2.744230682032924307e-01
2.738584248634652329e-01
2.732928608697919315e-01
2.727286574648662421e-01
2.721652928060515619e-01
2.716025062333382589e-01
2.710424406088840499e-01
2.704811786800981332e-01
2.699171552489117998e-01
2.693514503236855151e-01
2.687851325250688594e-01
2.682175018017914359e-01
2.676535968953002165e-01
2.670927140906030339e-01
2.665359912064325654e-01
2.659775934547535803e-01
2.654211130607900815e-01
2.648641484363080112e-01
2.643089863006490847e-01
2.637545276235397917e-01
2.632042666162479061e-01
2.626491049712945669e-01
2.620948883327187118e-01
2.615445722984823806e-01
2.609886430924153733e-01
2.604295590472076039e-01
2.598748433933518731e-01
2.593224665577847365e-01
2.587717373172084279e-01
2.582232828451170303e-01
2.576807347565163164e-01
2.571428203289546355e-01
2.566023994234782890e-01
2.560685269145148713e-01
2.555379482798975643e-01
2.550044335949766539e-01
2.544713320235311160e-01
2.539343099187481578e-01
2.533964255125683573e-01
2.528594866295507670e-01
2.523264301599026926e-01
2.517964835048697170e-01
2.512643774165672084e-01
2.507256487237484732e-01
2.501919051978753750e-01
2.496617619416497957e-01
2.491350022307179668e-01
2.486121046670601853e-01
2.480895436088636496e-01
2.475795653431777377e-01
2.470616747265386715e-01
2.465443944951627164e-01
2.460251127047679287e-01
2.455080333477555332e-01
2.449869942072993301e-01
2.444616179772362563e-01
2.439295042645971412e-01
2.433975059217698134e-01
2.428694330134594237e-01
2.423397406350088490e-01
2.418102371422194696e-01
2.412847943127348349e-01
2.407603026097154819e-01
2.402388118066471068e-01
2.397196201163096785e-01
2.391998188819773885e-01
2.386835916953369829e-01
2.381659532259173262e-01
2.376440944289962831e-01
2.371238825080835555e-01
2.366075859210825805e-01
2.360921625222088538e-01
2.355787374113509636e-01
2.350672593015111222e-01
2.345579326817988364e-01
2.340550666448180661e-01
2.335494362557377634e-01
2.330463899082811929e-01
2.325484907187023997e-01
2.320558510450936029e-01
2.315614531705456336e-01
2.310642013907560077e-01
2.305673416018296507e-01
2.300684090976526375e-01
2.295635353894327213e-01
2.290569145237319748e-01
2.285540790421369262e-01
2.280575536359280009e-01
2.275601590277471220e-01
2.270649780183151834e-01
2.265715565201064097e-01
2.260808946399828490e-01
2.255852711210815376e-01
2.250945248297142598e-01
2.246048111502085554e-01
2.241229074933293042e-01
2.236400655658389858e-01
2.231583738153863905e-01
2.226793534654352980e-01
2.221988537153823662e-01
2.217236580209796526e-01
2.212494729972805385e-01
2.207772957466334063e-01
2.203030757516184490e-01
2.198289982944476306e-01
2.193534724457054108e-01
2.188797998653730092e-01
2.184032760010471697e-01
2.179323300431414423e-01
2.174680518718819788e-01
2.170091087516824446e-01
2.165524095890447864e-01
2.160968612273657663e-01
2.156424487385949496e-01
2.151871107469610356e-01
2.147330699741609172e-01
2.142774285841369530e-01
2.138224390837919209e-01
2.133676943967044715e-01
2.129184377314633503e-01
2.124714067337239998e-01
2.120221307548332268e-01
2.115692450262375846e-01
2.111230570457358346e-01
2.106753882905995634e-01
2.102358866209278476e-01
2.097979207056311635e-01
2.093620162427035358e-01
2.089275521964356619e-01
2.084954363112350995e-01
2.080637167024815548e-01
2.076272986654910391e-01
2.071889578869497983e-01
2.067503168614802378e-01
2.063058523919038267e-01
2.058662468872116402e-01
2.054317150037771877e-01
2.049994651395756207e-01
2.045674780316895647e-01
2.041341757783268485e-01
2.036977415366399979e-01
2.032609584404532765e-01
2.028262560163031636e-01
2.023992061013596688e-01
2.019748535178372273e-01
2.015465566883212767e-01
2.011193131315410776e-01
2.006913370845705147e-01
2.002684211519974167e-01
1.998469535535909170e-01
1.994236444927566521e-01
1.990040263110848529e-01
1.985823531454406210e-01
1.981626949272891902e-01
1.977422370459438750e-01
1.973225709684546247e-01
1.969045439830562905e-01
1.964883295436095079e-01
1.960714414573370423e-01
1.956552497686519232e-01
1.952305097552638480e-01
1.948065570014750059e-01
1.943843606853086770e-01
1.939609920156724066e-01
1.935423110998933105e-01
1.931245832734698464e-01
1.927058576872314466e-01
1.922935327580441445e-01
1.918843350868352227e-01
1.914770781407017786e-01
1.910703788002044989e-01
1.906650279877118992e-01
1.902531614220609735e-01
1.898434147785446613e-01
1.894372333079951121e-01
1.890316856516208732e-01
1.886270895821932636e-01
1.882218957549443850e-01
1.878144666488459624e-01
1.874093183474927482e-01
1.869959165282192026e-01
1.865896536831328778e-01
1.861807914284626109e-01
1.857764355877749018e-01
1.853748009042872069e-01
1.849722618843045452e-01
1.845745724337336802e-01
1.841800398385904369e-01
1.837818503393657821e-01
1.833842876083953410e-01
1.829863192897222823e-01
1.825872196053003882e-01
1.821876517989401423e-01
1.817946452630901377e-01
1.814013683197561733e-01
1.810117279136011503e-01
1.806273373874959509e-01
1.802502692278936391e-01
1.798683352614927344e-01
1.794848920445792362e-01
1.791029601068320209e-01
1.787175132031371405e-01
1.783311147913748396e-01
1.779423639344830388e-01
1.775552775622128432e-01
1.771697741696942052e-01
1.767835096225559566e-01
1.763966774697206530e-01
1.760119402885604034e-01
1.756242386357670104e-01
1.752392519619382916e-01
1.748593892575460718e-01
1.744770974504576688e-01
1.740910299329281874e-01
1.737082001464586301e-01
1.733272401188336032e-01
1.729472004263205298e-01
1.725671354186924522e-01
1.721800689146188723e-01
1.717956431273305884e-01
1.714129668802845674e-01
1.710358316968738079e-01
1.706592452823239570e-01
1.702854281730941943e-01
1.699098484495123462e-01
1.695363959363460349e-01
1.691594460340219430e-01
1.687842407500017849e-01
1.684076517324631928e-01
1.680334685924314564e-01
1.676541198159924861e-01
1.672775341428519025e-01
1.669032148375300395e-01
1.665272688649992172e-01
1.661541160800357742e-01
1.657873568104749895e-01
1.654200188205371125e-01
1.650504442706098862e-01
1.646777001750899527e-01
1.643063302004051651e-01
1.639352761091672495e-01
1.635633008447015813e-01
1.631931058834391879e-01
1.628225005001359971e-01
1.624527123389293559e-01
1.620846510199764334e-01
1.617118594826561506e-01
1.613423718471415358e-01
1.609739395240638027e-01
1.606075192087543790e-01
1.602398544341026854e-01
1.598673472263731077e-01
1.594990578175840001e-01
1.591252932592872871e-01
1.587474861064769316e-01
1.583672746824026645e-01
1.579919252220220449e-01
1.576203274255737474e-01
1.572460834230825777e-01
1.568724979079628989e-01
1.564970991412057977e-01
1.561202655785845494e-01
1.557427792021071344e-01
1.553599684921751767e-01
1.549774251658283530e-01
1.545972823659302609e-01
1.542167432596744381e-01
1.538320216303740440e-01
1.534485561613923299e-01
1.530692212941825447e-01
1.526914963952031856e-01
1.523123751736181752e-01
1.519304140959081284e-01
1.515480520994779978e-01
1.511711041518175036e-01
1.507946690634248688e-01
1.504208564817465787e-01
1.500451006439314783e-01
1.496703319372192365e-01
1.493014734829678225e-01
1.489251354101508440e-01
1.485471471553640455e-01
1.481677401965625362e-01
1.477864663146787050e-01
1.474100997717239792e-01
1.470322521272437455e-01
1.466538699558178060e-01
1.462745518426812330e-01
1.458959338476105705e-01
1.455157984839625107e-01
1.451363292039734854e-01
1.447554129953772251e-01
1.443719860137168964e-01
1.439913093468816740e-01
1.436055477099585087e-01
1.432211466740185846e-01
1.428358210075118817e-01
1.424487320001082136e-01
1.420660995878270383e-01
1.416836960122275779e-01
1.412995364026854161e-01
1.409156907317901941e-01
1.405327299992088774e-01
1.401513575081710372e-01
1.397658477664310839e-01
1.393746615833143243e-01
1.389844529980043264e-01
1.385928315159372648e-01
1.382026664099390290e-01
1.378190827901321913e-01
1.374337798945331757e-01
1.370465468897206218e-01
1.366553344199446240e-01
1.362612878084315526e-01
1.358652450473049056e-01
1.354662241970079894e-01
1.350637397625192582e-01
1.346600940254590595e-01
1.342532788044303316e-01
1.338445032217699115e-01
1.334338129458502442e-01
1.330237826264987488e-01
1.326193997311378991e-01
1.322265002949235269e-01
1.318320692519533432e-01
1.314266534870094372e-01
1.310213979747881508e-01
1.306102788058575714e-01
1.302010644665043126e-01
1.297925666759726371e-01
1.293847175084951451e-01
1.289776292208885400e-01
1.285708061469809649e-01
1.281677065299908214e-01
1.277612845771371464e-01
1.273548151715214738e-01
1.269469090619111951e-01
1.265378036507644188e-01
1.261314381172053689e-01
1.257249721991035574e-01
1.253152599070663509e-01
1.249048013236105370e-01
1.244987320125518909e-01
1.240919894941437396e-01
1.236809578331820175e-01
1.232691294256234860e-01
1.228540354076814445e-01
1.224347183865253930e-01
1.220220195712639066e-01
1.216014696941832562e-01
1.211771161076218017e-01
1.207579202588237449e-01
1.203331678134450106e-01
1.199035610484994185e-01
1.194780184730777073e-01
1.190472947840772178e-01
1.186150487117448998e-01
1.181800661801712671e-01
1.177465062951587177e-01
1.173163587810811537e-01
1.168824165642561308e-01
1.164513437539381469e-01
1.160176549626830561e-01
1.155834810533762774e-01
1.151478770843648303e-01
1.147060323236484269e-01
1.142604780338453696e-01
1.138210739432762159e-01
1.133881505767819070e-01
1.129520027853598702e-01
1.125160249637134346e-01
1.120812119192835382e-01
1.116489175544489870e-01
1.112104329005707826e-01
1.107718607462332694e-01
1.103309929695905772e-01
1.098864911985796416e-01
1.094479079316528908e-01
1.090048042502183012e-01
1.085632994845715238e-01
1.081191262048145918e-01
1.076823829307835823e-01
1.072450554685123597e-01
1.068083643383899578e-01
1.063651005560029283e-01
1.059137182616721462e-01
1.054620523857928843e-01
1.050119108665603929e-01
1.045601136653630386e-01
1.041126601741373531e-01
1.036633645840037976e-01
1.032098108801172975e-01
1.027612237879354240e-01
1.023173720202856934e-01
1.018731394073141561e-01
1.014235922793094158e-01
1.009702076295049961e-01
1.005222139355557986e-01
1.000722378054229450e-01
9.962120377694683171e-02
9.916800550713862628e-02
9.871206306420388099e-02
9.825986025400217094e-02
9.780620380531600266e-02
9.734539575558427693e-02
9.688407692347986155e-02
9.643043000924823860e-02
9.597436601854471283e-02
9.551238971863929006e-02
9.504870472519870439e-02
9.458274184226132808e-02
9.411677264213906546e-02
9.365775767420422837e-02
9.320514759164465202e-02
9.275131495434355000e-02
9.229758741995458537e-02
9.184662164373343096e-02
9.140006999194681681e-02
9.095744872067439146e-02
9.051598979595575079e-02
9.006797816718939420e-02
8.962266665795350085e-02
8.917739659814429010e-02
8.873605333234069192e-02
8.829830401347356361e-02
8.785671240153308803e-02
8.741291569808486150e-02
8.696718253534159448e-02
8.652278392853324229e-02
8.607860590414173618e-02
8.563725303316432891e-02
8.519568126087025128e-02
8.475420423637707035e-02
8.431637751981944928e-02
8.387691329221258485e-02
8.343260506173846847e-02
8.299583036294740090e-02
8.255895264794159416e-02
8.212662633834265369e-02
8.169155826156632161e-02
8.125768619543727311e-02
8.082009271521509164e-02
8.037847374317794169e-02
7.993444457433021566e-02
7.948426379407443065e-02
7.902600501822230894e-02
7.857271980559613067e-02
7.812411949540094824e-02
7.767369713564223344e-02
7.722785941402392218e-02
7.678131768391149858e-02
7.633153617282596726e-02
7.588334015875371208e-02
7.543222391173169672e-02
7.497970025019255746e-02
7.452311254530183393e-02
7.407014853327045789e-02
7.361375329337332962e-02
7.316226780944236341e-02
7.271607828414330954e-02
7.227221564283842214e-02
7.183080347126162557e-02
7.139169627280544939e-02
7.095580937102230479e-02
7.052177382375300618e-02
7.008936767767250109e-02
6.965387680329231113e-02
6.922230653382185905e-02
6.878880454826263868e-02
6.835961063332098020e-02
6.793212588470544377e-02
6.750976581888276651e-02
6.708856189443138107e-02
6.666203799756650894e-02
6.623083387964469326e-02
6.580012891528005947e-02
6.537357203297747277e-02
6.494679618680805622e-02
6.452302942005465336e-02
6.409885614266049025e-02
6.368240210259799861e-02
6.326657532336649181e-02
6.284947825850235870e-02
6.243874327609921782e-02
6.202822876946781361e-02
6.162163739263485512e-02
6.121960185188712877e-02
6.081401977563030692e-02
6.040603059130947305e-02
6.000220061695125950e-02
5.959625771109699349e-02
5.918911824120583198e-02
5.878406276668586561e-02
5.838231357224585999e-02
5.798315331151792512e-02
5.759041876940874938e-02
5.720104796820909415e-02
5.681323593604188649e-02
5.642738577061837818e-02
5.604268479745139198e-02
5.565706176095031738e-02
5.527840490489790287e-02
5.489417039913965096e-02
5.451154075400453658e-02
5.413070637935909341e-02
5.375174858712346987e-02
5.337179971835550457e-02
5.299121415928353257e-02
5.261689187218780706e-02
5.224622290248918943e-02
5.187862416535667792e-02
5.150956896937306656e-02
5.113952539498943517e-02
5.076913527019275008e-02
5.040184635706577293e-02
5.002647702124281281e-02
4.965579660797087014e-02
4.928701976225444842e-02
4.892113813747833717e-02
4.855471822663753878e-02
4.818956114578880345e-02
4.782519717670608017e-02
4.746284590852458546e-02
4.710037466843532139e-02
4.673901763672490273e-02
4.638096840372291085e-02
4.602216257985748682e-02
4.566925271604731912e-02
4.531736818059853983e-02
4.496561658668451339e-02
4.461381060145033772e-02
4.426144877867890792e-02
4.391477428615996048e-02
4.357016261759935616e-02
4.322287115196555424e-02
4.287285410276045483e-02
4.252721160866507893e-02
4.218522961656429732e-02
4.184219821266498690e-02
4.149977038172376897e-02
4.115898509358435764e-02
4.082421240617166436e-02
4.049533952907868883e-02
4.017048137801353114e-02
3.984188606315611225e-02
3.951349174977045881e-02
3.918520108059893314e-02
3.885867373851597389e-02
3.853043148419606212e-02
3.820847144713538507e-02
3.788947192253508400e-02
3.757276895250357546e-02
3.726327515063161677e-02
3.695262471480521144e-02
3.664525933345359060e-02
3.634321331324617127e-02
3.604847631605868213e-02
3.575391208979145780e-02
3.545994509110110549e-02
3.517138968976540186e-02
3.488689556917014267e-02
3.460570949629714760e-02
3.432709983630972267e-02
3.405516544294875936e-02
3.378473046060623958e-02
3.351534748693610344e-02
3.323594663027974044e-02
3.295862937483113458e-02
3.267859473128967990e-02
3.239978148868987579e-02
3.212062462061038293e-02
3.184429636038754036e-02
3.156810981904260849e-02
3.129851939402538558e-02
3.102799647320969925e-02
3.076223669276386546e-02
3.050005742985284832e-02
3.023463866737773412e-02
2.997456204795280812e-02
2.971901746206258993e-02
2.946315016879523518e-02
2.920293148508881775e-02
2.894911743594024908e-02
2.869528544699053926e-02
2.844839261332718361e-02
2.820549375349901480e-02
2.795782195406716283e-02
2.771585858275192604e-02
2.747074588895096273e-02
2.722462029489387814e-02
2.697895260736683440e-02
2.673778259413736244e-02
2.649853564014115551e-02
2.625697608768087429e-02
2.601630616973387225e-02
2.577452028494175637e-02
2.553745022934681905e-02
2.529992658722219137e-02
2.506547264782647833e-02
2.483163085416309132e-02
2.460071138937859267e-02
2.437341148907355357e-02
2.415315605650127789e-02
2.393436859892660723e-02
2.371585564321566572e-02
2.349837252462876752e-02
2.328502026119808402e-02
2.307462455575222740e-02
2.286168209722536440e-02
2.265299784418570508e-02
2.244855671502709107e-02
2.223975549118040532e-02
2.203263398700064379e-02
2.182219182908983271e-02
2.161530319306996864e-02
2.141473154505697113e-02
2.121539498063144957e-02
2.101640099082043717e-02
2.081599099157100535e-02
2.061736598720512181e-02
2.041887902973968383e-02
2.022314876611890078e-02
2.002643754261311873e-02
1.983278124086041219e-02
1.963941560200592115e-02
1.944554240914445412e-02
1.925160468511525128e-02
1.906255099895469082e-02
1.887671842087367685e-02
1.869431698052705093e-02
1.851684894872056633e-02
1.833834374522223809e-02
1.816277881029453034e-02
1.798897640824756103e-02
1.781655120082321561e-02
1.764833687501905432e-02
1.747812961780028165e-02
1.730973552820662398e-02
1.714393472841581334e-02
1.698103233556278596e-02
1.681742554984005586e-02
1.665686659729259320e-02
1.649857760820537186e-02
1.634349144856326111e-02
1.618826616808493810e-02
1.603276456718396442e-02
1.587709081406768821e-02
1.572309676236127718e-02
1.557079729042054259e-02
1.542125010480840941e-02
1.527522633576809327e-02
1.513014934835924148e-02
1.498637438925030062e-02
1.484307520376510620e-02
1.470236752656762201e-02
1.455940722438040652e-02
1.441891850049451494e-02
1.428136812147011263e-02
1.414410003705908990e-02
1.401067001509426029e-02
1.387379949691693731e-02
1.373684695536211975e-02
1.360264049586657961e-02
1.346987570683174512e-02
1.333901220596127313e-02
1.321028698690302448e-02
1.307905674930240347e-02
1.295084026317738259e-02
1.282387872435727244e-02
1.269884917209926356e-02
1.257661163733219019e-02
1.245657624406931209e-02
1.233607372351615793e-02
1.221401432673457042e-02
1.209239109587671897e-02
1.196977576383139764e-02
1.184875402935444202e-02
1.172299064018707954e-02
1.159543914801229765e-02
1.147407316185397423e-02
1.135311882587637829e-02
1.123224037234141215e-02
1.110993424127966304e-02
1.099017249193254102e-02
1.087163750239436219e-02
1.075586736004851759e-02
1.064127124236520158e-02
1.052868399393544138e-02
1.041612780043518066e-02
1.030359987825360014e-02
1.019037168835877118e-02
1.007848935625317924e-02
9.967320302214798325e-03
9.857585190494323746e-03
9.745105766844166725e-03
9.634056453727659827e-03
9.524450970484777887e-03
9.416882910975666113e-03
9.313984525785525340e-03
9.210677583727249276e-03
9.112842935568365305e-03
9.014854560245186277e-03
8.918715251060053625e-03
8.822870414009432657e-03
8.728411678642860813e-03
8.635010461946663468e-03
8.538981167488104290e-03
8.441927477008811034e-03
8.346374805185192980e-03
8.252669042645996780e-03
8.161561079783889033e-03
8.073145587735636522e-03
7.985231897268031329e-03
7.897771720568496842e-03
7.813462419890742153e-03
7.733164820367149916e-03
7.653585103431361641e-03
7.576628103803917033e-03
7.502572197542672211e-03
7.428125632086141072e-03
7.348107507059091319e-03
7.270705670545320361e-03
7.192742734417010078e-03
7.115037918085162852e-03
7.037874633326442891e-03
6.961819054724152460e-03
6.886920168139501822e-03
6.812285201579021225e-03
6.736070224242313338e-03
6.660919138498668651e-03
6.588396702306210419e-03
6.517420595474110456e-03
6.449526293433090890e-03
6.384435887167396774e-03
6.319296322777816916e-03
6.256425667213261557e-03
6.194730124595268853e-03
6.136297218683090492e-03
6.078736544252404811e-03
6.022215601874389770e-03
5.964256765701062696e-03
5.904331507583558160e-03
5.844765246222380188e-03
5.786886609677635400e-03
5.731368535087334390e-03
5.676143860565490210e-03
5.621393486717182753e-03
5.564012212357545735e-03
5.505006874973463263e-03
5.446202445731226915e-03
5.387646798804216625e-03
5.329641571804624896e-03
5.274571761559430569e-03
5.221626541337857398e-03
5.166895709560950269e-03
5.111584399662759230e-03
5.058097541868078299e-03
5.004879276737606193e-03
4.951284356599033529e-03
4.898623526963796770e-03
4.848453994534799097e-03
4.796013453923905420e-03
4.743742997520579603e-03
4.691982450762036128e-03
4.639902981270452482e-03
4.587566375539169593e-03
4.536680412110888350e-03
4.485422506981622676e-03
4.435938812187289158e-03
4.387008939130594871e-03
4.337476644812878271e-03
4.287685038331576041e-03
4.240029403652327902e-03
4.191386255992736627e-03
4.143568538876233817e-03
4.095524566018909386e-03
4.048529792019669830e-03
4.003828729229805088e-03
3.960281656069694622e-03
3.917750582090353574e-03
3.874002297559331863e-03
3.833317280319636141e-03
3.791432231548302629e-03
3.749544340765676147e-03
3.708297950297494497e-03
3.666695221798052778e-03
3.624911732662090911e-03
3.584859309631678072e-03
3.546465023609370916e-03
3.509021359430177216e-03
3.472677957854737769e-03
3.436229891846178351e-03
3.399782796512325778e-03
3.363212584906466115e-03
3.328369581894586628e-03
3.293489203105800980e-03
3.261031110810257410e-03
3.230409228252711061e-03
3.198836231598035495e-03
3.165332898904059562e-03
3.130848030167535448e-03
3.097782188917926321e-03
3.064360177901161164e-03
3.031598315751366391e-03
3.001402434855416235e-03
2.970614848075935326e-03
2.940512097091007703e-03
2.909341544331772982e-03
2.876373431470869227e-03
2.843770027197930778e-03
2.811583974507044816e-03
2.781295466207528780e-03
2.751829463442341268e-03
2.722889847693022152e-03
2.693754398921464031e-03
2.663282303616578816e-03
2.633571136875001266e-03
2.604132728650837472e-03
2.575038788483682405e-03
2.545957588845495969e-03
2.516245089308768567e-03
2.488184157211805261e-03
2.456626325348774346e-03
2.426946744978856520e-03
2.397993030784027410e-03
2.374667463434251922e-03
2.357720036500603536e-03
2.338933049109065843e-03
2.319957427174971273e-03
2.301852553813535894e-03
2.284173142823660036e-03
2.267351332936186348e-03
2.249778407453399600e-03
2.231615955139864063e-03
2.214455011444269299e-03
2.198566217703399901e-03
2.183339720002805927e-03
2.170065197246845694e-03
2.155328393519412560e-03
2.140019990794032705e-03
2.124072439532531317e-03
2.108777365361196639e-03
2.092380653518317608e-03
2.076773367339752006e-03
2.062255140362405110e-03
2.047141412557342607e-03
2.033814723139721822e-03
2.019955686799499144e-03
2.005721053120987449e-03
1.992881789673660829e-03
1.980582250951935276e-03
1.967833337835206853e-03
1.954147455593338925e-03
1.939528474044075520e-03
1.923803475334249580e-03
1.908032356976910099e-03
1.894356066211086561e-03
1.882194938521399496e-03
1.870116017030434797e-03
1.857584921772867251e-03
1.845234366714888991e-03
1.832882637555802293e-03
1.820791655669250653e-03
1.809140994150260258e-03
1.798246275386285479e-03
1.786813968617086221e-03
1.775401417775079524e-03
1.763960089292048979e-03
1.751964068903282337e-03
1.740816478454015404e-03
1.730958203740303163e-03
1.719250002838020909e-03
1.709244335480758362e-03
1.699957447420709844e-03
1.689701435474042944e-03
1.678216547342229435e-03
1.666387062680910452e-03
1.656009069506851616e-03
1.644455307466539820e-03
1.632967724602648208e-03
1.622324342601632252e-03
1.612869335251407429e-03
1.602564121840066580e-03
1.590812576986892768e-03
1.579133156834838445e-03
1.567190530897492407e-03
1.555207565928865910e-03
1.543799864551044900e-03
1.532643705810241182e-03
1.522619315597741963e-03
1.513314575107823756e-03
1.505274152798966427e-03
1.496628964717222404e-03
1.487748847260588403e-03
1.479129581348273808e-03
1.469671305370400926e-03
1.460484258784500514e-03
1.451745889281827158e-03
1.444410739152116388e-03
1.435096753588685015e-03
1.425906946962782066e-03
1.416199168407708282e-03
1.407224386378013239e-03
1.398870329323448044e-03
1.390311679832336453e-03
1.382480011232664271e-03
1.375527261441552738e-03
1.369246840554257452e-03
1.360965324428029585e-03
1.353110092424897630e-03
1.344396189624026856e-03
1.335495660326218529e-03
1.326186668082802002e-03
1.315512197852169995e-03
1.304630568300491934e-03
1.293355608430915181e-03
1.280159505606106359e-03
1.267068951814163394e-03
1.255060372016368565e-03
1.243796349694781950e-03
1.233494691654859164e-03
1.224122263082543394e-03
1.214751941340915832e-03
1.206391211448766933e-03
1.197416655926019421e-03
1.188538683448729736e-03
1.179965036030518246e-03
1.171445787945868183e-03
1.164000170508273186e-03
1.155661370341607959e-03
1.148071121685417893e-03
1.140653730793105653e-03
1.132199103313169183e-03
1.126654862815694479e-03
1.121524112273534265e-03
1.116280099036089319e-03
1.111356553789138004e-03
1.107276712195037890e-03
1.104237893341156358e-03
1.102545032858474969e-03
1.100352131031132746e-03
1.097880645750127495e-03
1.094153936269914949e-03
1.089735514455800755e-03
1.084224954557787366e-03
1.079720248633302473e-03
1.076359793479879498e-03
1.072073314026825803e-03
1.066402041908473802e-03
1.061098279604414827e-03
1.056194910948387786e-03
1.051560322887649555e-03
