4.901255241317516442e-01
4.899691079319478115e-01
4.898128948624361212e-01
4.896569809085566938e-01
4.895009095905179519e-01
4.893446143624632372e-01
4.891890457390602465e-01
4.890336759358868690e-01
4.888791732426652770e-01
4.887243438977068588e-01
4.885683286981166162e-01
4.884121580008240482e-01
4.882567985501147234e-01
4.881012843723824268e-01
4.879457995952898308e-01
4.877894348105175082e-01
4.876324549318256096e-01
4.874749850939918971e-01
4.873170512424709333e-01
4.871579645095229782e-01
4.869987330242504520e-01
4.868403713186260640e-01
4.866814659931804621e-01
4.865220411512464205e-01
4.863622531831284235e-01
4.862036051672130599e-01
4.860457831289305974e-01
4.858883751777512972e-01
4.857315806488396448e-01
4.855750888593313719e-01
4.854179409387749389e-01
4.852613958665308869e-01
4.851062774604616434e-01
4.849520505423565164e-01
4.847970169008089525e-01
4.846412834207011744e-01
4.844848552344691028e-01
4.843288642210086814e-01
4.841741691947545334e-01
4.840198143544557907e-01
4.838657480627500118e-01
4.837111488865606379e-01
4.835574765579481182e-01
4.834014688866904996e-01
4.832465966555353765e-01
4.830921197308519766e-01
4.829384486019908662e-01
4.827856197341314770e-01
4.826321223679529426e-01
4.824782159252078428e-01
4.823234755102355220e-01
4.821689964160359443e-01
4.820134559676661490e-01
4.818573822787745597e-01
4.817006271651464444e-01
4.815440739982071450e-01
4.813866240753099657e-01
4.812282078809598795e-01
4.810686777004434811e-01
4.809095989158332918e-01
4.807520724904927878e-01
4.805915197603604083e-01
4.804323146539808964e-01
4.802736244121857401e-01
4.801159880999447127e-01
4.799587303292767171e-01
4.798019102981042616e-01
4.796455761164712395e-01
4.794881453508349489e-01
4.793318805141477679e-01
4.791759577925608360e-01
4.790204003190073334e-01
4.788637028497583770e-01
4.787067148720082210e-01
4.785485185558641108e-01
4.783907777970687891e-01
4.782336899956801668e-01
4.780763405341737493e-01
4.779179767335194340e-01
4.777604621915227390e-01
4.776018992457709555e-01
4.774427973891279264e-01
4.772839830509700842e-01
4.771242671538539204e-01
4.769630963639206467e-01
4.768030047676446448e-01
4.766436875536194662e-01
4.764839163158352542e-01
4.763245284420459802e-01
4.761652085312581550e-01
4.760035936442623128e-01
4.758419868941564657e-01
4.756801712203045374e-01
4.755187132962336860e-01
4.753565849328001969e-01
4.751938163766044609e-01
4.750322685653356469e-01
4.748713060023802002e-01
4.747113888122167502e-01
4.745503135898332392e-01
4.743892357630583034e-01
4.742282227349565171e-01
4.740676964889496414e-01
4.739084982978775673e-01
4.737495617342575849e-01
4.735904513065334331e-01
4.734332486270049767e-01
4.732764320422685467e-01
4.731192693103621338e-01
4.729623884154045554e-01
4.728050146817845412e-01
4.726471671067189462e-01
4.724880781385329964e-01
4.723284693338359319e-01
4.721682462301488026e-01
4.720076724184601447e-01
4.718475037945758510e-01
4.716877170701602173e-01
4.715285981477289057e-01
4.713699356315287359e-01
4.712108761079525920e-01
4.710523825612510374e-01
4.708945341466783674e-01
4.707379200434061439e-01
4.705801887008080331e-01
4.704224356119752204e-01
4.702627320407864464e-01
4.701019604820241282e-01
4.699404790327036952e-01
4.697792207596381830e-01
4.696180866579034441e-01
4.694569058653120242e-01
4.692963554014642491e-01
4.691345912986179534e-01
4.689728253278478420e-01
4.688109874333424298e-01
4.686503436435909831e-01
4.684897808510936623e-01
4.683309869854287988e-01
4.681704994603520520e-01
4.680107981762891001e-01
4.678516231779608070e-01
4.676921812121030975e-01
4.675345691012964822e-01
4.673769870543811877e-01
4.672192285238037091e-01
4.670612344570596597e-01
4.669023597973442907e-01
4.667435214461853610e-01
4.665854870715376301e-01
4.664257796876770668e-01
4.662656585687796618e-01
4.661074628248197960e-01
4.659486184289564625e-01
4.657896669483569951e-01
4.656299242141723194e-01
4.654714525355250210e-01
4.653143410765397947e-01
4.651567024983225274e-01
4.649977039946892599e-01
4.648372349639708356e-01
4.646767071129998539e-01
4.645157443189534829e-01
4.643550888832312373e-01
4.641943454184881968e-01
4.640338106858399869e-01
4.638716054776363951e-01
4.637096450707205997e-01
4.635469361077987349e-01
4.633850329250758793e-01
4.632224185585008258e-01
4.630594636442652012e-01
4.628972956109879688e-01
4.627358728712384073e-01
4.625750778850788447e-01
4.624135790168640292e-01
4.622518708523546405e-01
4.620894163148335232e-01
4.619263991282723802e-01
4.617633067490848897e-01
4.615996405103832689e-01
4.614352052475885202e-01
4.612701070424481964e-01
4.611058366751352722e-01
4.609409867561642393e-01
4.607767771309526084e-01
4.606120063319532054e-01
4.604475224611804252e-01
4.602817506413867665e-01
4.601167818200074811e-01
4.599530682059865261e-01
4.597883528574445711e-01
4.596247911681783371e-01
4.594618088813652856e-01
4.593009132780008774e-01
4.591383269692981273e-01
4.589762558508853063e-01
4.588151354667098780e-01
4.586537027674648659e-01
4.584918013912920309e-01
4.583306313907823948e-01
4.581678653113190336e-01
4.580046925063275265e-01
4.578395761585046242e-01
4.576746456762227355e-01
4.575102990698978189e-01
4.573459342141292794e-01
4.571826210609131191e-01
4.570181159573243335e-01
4.568540215724222198e-01
4.566908598078188719e-01
4.565260550061907008e-01
4.563618362595255884e-01
4.561973421101461756e-01
4.560326121593149540e-01
4.558685679110428546e-01
4.557039708610187700e-01
4.555405630279423246e-01
4.553775291149771420e-01
4.552153238476341901e-01
4.550546995627348656e-01
4.548928775650118994e-01
4.547306231399910192e-01
4.545684140725406164e-01
4.544047500622371838e-01
4.542394701291352921e-01
4.540744610541107562e-01
4.539102360406596093e-01
4.537464358186587554e-01
4.535818450963406412e-01
4.534166048324823062e-01
4.532524109313100791e-01
4.530883414665593523e-01
4.529232249965709500e-01
4.527573799239013042e-01
4.525925847366765731e-01
4.524272322979510097e-01
4.522609053072831897e-01
4.520939574495946855e-01
4.519268292682264709e-01
4.517597263327676749e-01
4.515940959161776624e-01
4.514283494706670674e-01
4.512627851071018825e-01
4.510971963944208074e-01
4.509335537288483020e-01
4.507688387456655343e-01
4.506042474702718903e-01
4.504392490020877604e-01
4.502741543107928734e-01
4.501102799759246764e-01
4.499468872632142458e-01
4.497837551483050422e-01
4.496219330216637555e-01
4.494614093469701532e-01
4.492994210885579709e-01
4.491369690443864360e-01
4.489729596062655426e-01
4.488111446851376085e-01
4.486495580891130541e-01
4.484868649705359700e-01
4.483228512987463277e-01
4.481592069097687370e-01
4.479957190501192010e-01
4.478322887475972847e-01
4.476693445109214409e-01
4.475053960091936456e-01
4.473423692233777782e-01
4.471807446079010817e-01
4.470187305739172778e-01
4.468584740459673466e-01
4.466985982381432851e-01
4.465370288230401385e-01
4.463754241020728153e-01
4.462141823016058106e-01
4.460529394470164610e-01
4.458892471843686756e-01
4.457256225041870135e-01
4.455615153747331525e-01
4.453963653346751372e-01
4.452328411201024738e-01
4.450700162045435615e-01
4.449076560045048812e-01
4.447437894801973268e-01
4.445803048905662136e-01
4.444178810954408365e-01
4.442551452985828431e-01
4.440933307699609367e-01
4.439286394958219528e-01
4.437631196145603862e-01
4.435986219668190400e-01
4.434348518294068953e-01
4.432696745335857336e-01
4.431041050649071056e-01
4.429376019090420780e-01
4.427706758828863221e-01
4.426034080620607769e-01
4.424375632040014605e-01
4.422710015262483751e-01
4.421037062199904555e-01
4.419360750087503731e-01
4.417690135307307808e-01
4.416019962839668467e-01
4.414361018985371032e-01
4.412706634062558697e-01
4.411054532793470817e-01
4.409408339173822577e-01
4.407747152881664743e-01
4.406071635002482001e-01
4.404406401127767268e-01
4.402740494965345364e-01
4.401081558401045979e-01
4.399409854323054758e-01
4.397729581054316550e-01
4.396053074596473209e-01
4.394380629897871593e-01
4.392720857940973223e-01
4.391068361188472102e-01
4.389420737507047643e-01
4.387770168164281670e-01
4.386106050760763542e-01
4.384456437990827404e-01
4.382794070731081404e-01
4.381139292036589361e-01
4.379491441079256253e-01
4.377835066146168463e-01
4.376171966730329488e-01
4.374510582789211677e-01
4.372854518151773617e-01
4.371210067031143232e-01
4.369557813728336404e-01
4.367891418478544452e-01
4.366216606460669447e-01
4.364550809986399438e-01
4.362901482845564227e-01
4.361251272997899719e-01
4.359592682017733312e-01
4.357945576138678168e-01
4.356290315163918181e-01
4.354633395264509432e-01
4.352992275672540878e-01
4.351356308245235005e-01
4.349714896814415033e-01
4.348074010300269077e-01
4.346445311636970010e-01
4.344806518042321208e-01
4.343153638796939942e-01
4.341484385690559944e-01
4.339809041547980639e-01
4.338127938816432327e-01
4.336468969593949008e-01
4.334808230120552053e-01
4.333138981380482702e-01
4.331483529231515694e-01
4.329824726416031666e-01
4.328172907347579978e-01
4.326517287961871849e-01
4.324855320400695091e-01
4.323173511156120363e-01
4.321501031976101581e-01
4.319845443867054158e-01
4.318182969631824131e-01
4.316524005511243600e-01
4.314883370939438523e-01
4.313229550046934202e-01
4.311570491405655181e-01
4.309905036815954715e-01
4.308235322844626292e-01
4.306575081142204886e-01
4.304903177356297905e-01
4.303223130312294198e-01
4.301541502176103315e-01
4.299857306259137757e-01
4.298176072708082551e-01
4.296505836455506433e-01
4.294852517718197316e-01
4.293204138862429797e-01
4.291551865612071026e-01
4.289903319942340310e-01
4.288235403188574435e-01
4.286573581627518559e-01
4.284912179312210800e-01
4.283259041967802383e-01
4.281608632760173228e-01
4.279950430341815659e-01
4.278297161780763580e-01
4.276644400824998193e-01
4.274987856164380595e-01
4.273336550816735357e-01
4.271671973075781281e-01
4.270017476630493802e-01
4.268352355935615128e-01
4.266679174119389906e-01
4.264998989299685350e-01
4.263333291862977381e-01
4.261684111795883134e-01
4.260015065364927134e-01
4.258339193233393050e-01
4.256668667263448502e-01
4.254988927653562403e-01
4.253323218994595756e-01
4.251651075762270526e-01
4.249966290824072623e-01
4.248280692883579790e-01
4.246595414353581677e-01
4.244916455160580582e-01
4.243230745468477561e-01
4.241555295441307716e-01
4.239867235684322555e-01
4.238164978197678234e-01
4.236454013876193581e-01
4.234752953031328815e-01
4.233061773652311288e-01
4.231362954264407672e-01
4.229679771762783203e-01
4.227999402150094399e-01
4.226317903646759633e-01
4.224627986668003654e-01
4.222942574303741314e-01
4.221279728225859618e-01
4.219625026389837719e-01
4.217966467761554150e-01
4.216316119687920083e-01
4.214672227564549289e-01
4.213021369734140653e-01
4.211372453365900825e-01
4.209723368282231037e-01
4.208069065447900270e-01
4.206421128582506497e-01
4.204775095692844245e-01
4.203138702702373664e-01
4.201474284060546793e-01
4.199811252644068404e-01
4.198148220395235830e-01
4.196490236754938374e-01
4.194823840233388168e-01
4.193159404847561222e-01
4.191511354674078427e-01
4.189852575924061795e-01
4.188193590327747295e-01
4.186528181931160608e-01
4.184861377992878384e-01
4.183185312199430572e-01
4.181502349104092575e-01
4.179810444726614338e-01
4.178125228761170318e-01
4.176414251412350898e-01
4.174723377932005319e-01
4.173038643806265546e-01
4.171356821664305436e-01
4.169668622827651938e-01
4.167967388972073084e-01
4.166262601261374043e-01
4.164579016348653462e-01
4.162893023809824955e-01
4.161204386008303113e-01
4.159511516111529250e-01
4.157813464651796131e-01
4.156128980071759904e-01
4.154420107748623137e-01
4.152739627036192704e-01
4.151047453336565440e-01
4.149350928985031106e-01
4.147662638950589398e-01
4.145961806464308896e-01
4.144261351320419617e-01
4.142564080149607753e-01
4.140859626977885788e-01
4.139149369902429543e-01
4.137456209441430222e-01
4.135766693926752335e-01
4.134080356638399900e-01
4.132392215110763378e-01
4.130713339142717544e-01
4.129033990287574452e-01
4.127361165626933781e-01
4.125685174512515596e-01
4.124014781734189894e-01
4.122336698354628348e-01
4.120658233529480019e-01
4.118983843332164052e-01
4.117308316266189427e-01
4.115641168366436231e-01
4.113964922419615644e-01
4.112299344786559119e-01
4.110636173122254045e-01
4.108989457465754835e-01
4.107325780404232352e-01
4.105667253248352910e-01
4.104023894580203780e-01
4.102363380447335284e-01
4.100707811568199412e-01
4.099051259911022926e-01
4.097399688241538107e-01
4.095745606025043006e-01
4.094095245608156408e-01
4.092456050619548980e-01
4.090803950510965015e-01
4.089145722886900480e-01
4.087489634851937392e-01
4.085829429461954598e-01
4.084153476829269769e-01
4.082474920926241202e-01
4.080794407710117144e-01
4.079110812031427891e-01
4.077420125364610848e-01
4.075716508749219202e-01
4.074024244472659873e-01
4.072353926072501129e-01
4.070670813821162248e-01
4.068997649012953688e-01
4.067312433893973123e-01
4.065640536709903552e-01
4.063953759386711995e-01
4.062265480448098431e-01
4.060573462830091018e-01
4.058870469888857802e-01
4.057171763170455137e-01
4.055475571233460030e-01
4.053775773235374635e-01
4.052067669349582180e-01
4.050365844992583342e-01
4.048679953834738998e-01
4.047012397947792328e-01
4.045343840986960759e-01
4.043678820279595354e-01
4.042010046360392517e-01
4.040360320481400369e-01
4.038704824638000290e-01
4.037043722305319049e-01
4.035393481605267785e-01
4.033731569059849087e-01
4.032070777592200450e-01
4.030412917096668490e-01
4.028757888557421563e-01
4.027102464027842998e-01
4.025444454229610836e-01
4.023787736125752357e-01
4.022115555010620236e-01
4.020455736636930899e-01
4.018817173348506189e-01
4.017171980642402218e-01
4.015514649789501123e-01
4.013855218579820416e-01
4.012189805390666830e-01
4.010517850588380950e-01
4.008840387347875622e-01
4.007148918859433917e-01
4.005465921235230597e-01
4.003799703728977977e-01
4.002144922314757602e-01
4.000492430702351498e-01
3.998854507257660340e-01
3.997214113686205494e-01
3.995570653164843833e-01
3.993942765861799860e-01
3.992308513397413439e-01
3.990681102952728376e-01
3.989051430669676712e-01
3.987426352425417764e-01
3.985803290026169732e-01
3.984162917632983469e-01
3.982523229141950449e-01
3.980873314829890264e-01
3.979238437643893844e-01
3.977600611303814260e-01
3.975958959133885084e-01
3.974311477347955424e-01
3.972666627769982917e-01
3.971018277700996135e-01
3.969370142902999277e-01
3.967700347700008900e-01
3.966037334617075749e-01
3.964382919347835266e-01
3.962739407190092322e-01
3.961096418463294078e-01
3.959435828425358350e-01
3.957772600940184793e-01
3.956111417909961014e-01
3.954475271021777871e-01
3.952842715545842323e-01
3.951220071213841778e-01
3.949595928831329261e-01
3.947965719154951647e-01
3.946328617062090927e-01
3.944668808666106918e-01
3.943014287559990505e-01
3.941340943178071043e-01
3.939663035522703582e-01
3.937981064400685183e-01
3.936290376703626692e-01
3.934601139412566284e-01
3.932905779223513365e-01
3.931201595094407919e-01
3.929497782198627109e-01
3.927790848283188585e-01
3.926080229769651764e-01
3.924368515210129305e-01
3.922648702646874264e-01
3.920934670545179190e-01
3.919232699327371838e-01
3.917546298631882085e-01
3.915867742624088987e-01
3.914192614212627652e-01
3.912513283105594764e-01
3.910821025834790299e-01
3.909119606015654114e-01
3.907439035461303667e-01
3.905760895528903598e-01
3.904076099528622223e-01
3.902390634021443705e-01
3.900707047409342487e-01
3.899020175592078363e-01
3.897330911606597392e-01
3.895636788272288653e-01
3.893945737430591914e-01
3.892261820764247870e-01
3.890570303308105160e-01
3.888884069416176925e-01
3.887187078501680992e-01
3.885500232887778571e-01
3.883823479057265105e-01
3.882155894691655118e-01
3.880480493971338318e-01
3.878809639996956271e-01
3.877132723969662909e-01
3.875461563622121797e-01
3.873798285885577952e-01
3.872139873182001701e-01
3.870469301698496456e-01
3.868805075060391396e-01
3.867133427162967041e-01
3.865460917720107137e-01
3.863796225912781712e-01
3.862123801897617836e-01
3.860441407547415826e-01
3.858752952575849604e-01
3.857063686338737529e-01
3.855377077227808424e-01
3.853679156379509196e-01
3.851993178985490540e-01
3.850313037287804718e-01
3.848647228481856808e-01
3.846971662481517007e-01
3.845287427683563575e-01
3.843586777247355313e-01
3.841875195330998194e-01
3.840181792774419733e-01
3.838486811359282380e-01
3.836803638644105119e-01
3.835139631320569897e-01
3.833475478246702872e-01
3.831819418797678400e-01
3.830166964575005273e-01
3.828509377473452990e-01
3.826852393344994385e-01
3.825202029026277817e-01
3.823547899016661589e-01
3.821890796640682875e-01
3.820229205738401301e-01
3.818574534642802942e-01
3.816932574016343449e-01
3.815296575540290114e-01
3.813668393181368077e-01
3.812033035674142756e-01
3.810396482991555422e-01
3.808758672116047128e-01
3.807128462623135534e-01
3.805498622826640753e-01
3.803843159424298292e-01
3.802200006965091306e-01
3.800559917174993196e-01
3.798907619404088276e-01
3.797258155504836807e-01
3.795614402630974049e-01
3.793968121186075959e-01
3.792336314430453381e-01
3.790706941633222304e-01
3.789096808410745698e-01
3.787478464873527684e-01
3.785849858812619373e-01
3.784209769806156087e-01
3.782564447688046005e-01
3.780931485411758164e-01
3.779302110260946423e-01
3.777672438839878022e-01
3.776047686276129967e-01
3.774429003239587188e-01
3.772808594581396058e-01
3.771185388427314988e-01
3.769557424631149734e-01
3.767929727172540932e-01
3.766316487562207938e-01
3.764701767722949399e-01
3.763071105078952816e-01
3.761446467472411292e-01
3.759828165008893275e-01
3.758199121662816333e-01
3.756569516157446942e-01
3.754930676080073804e-01
3.753304361131935551e-01
3.751668613836264821e-01
3.750045938245155086e-01
3.748428819214607577e-01
3.746807353156795251e-01
3.745189015272881727e-01
3.743565179157246625e-01
3.741934388116058274e-01
3.740301079700742992e-01
3.738675566812090789e-01
3.737050401736181637e-01
3.735409302264066089e-01
3.733754275863539474e-01
3.732098385580041588e-01
3.730442505539752762e-01
3.728788753027846292e-01
3.727124445606668224e-01
3.725464962902210742e-01
3.723798554447240172e-01
3.722117745421903989e-01
3.720441894239574498e-01
3.718761722279673165e-01
3.717090811041132148e-01
3.715412865477140669e-01
3.713734250532368941e-01
3.712064278272329543e-01
3.710387478084571922e-01
3.708713340036120520e-01
3.707045023462033351e-01
3.705386921982444237e-01
3.703740954123735385e-01
3.702076455584820680e-01
3.700395448807524135e-01
3.698711724752238861e-01
3.697024598919676497e-01
3.695332671127293245e-01
3.693644151010462284e-01
3.691955234957688958e-01
3.690277488795246641e-01
3.688604759434627733e-01
3.686942546324417092e-01
3.685271998808031246e-01
3.683612883907756430e-01
3.681954040121738214e-01
3.680295051640378179e-01
3.678641250818814323e-01
3.676986000118497855e-01
3.675331135444068198e-01
3.673662781474577588e-01
3.672006299894396419e-01
3.670345995185682608e-01
3.668694355887164305e-01
3.667028294865783411e-01
3.665368514167619551e-01
3.663697688217645854e-01
3.662033522862279677e-01
3.660376854753745746e-01
3.658721592594563199e-01
3.657056362171444697e-01
3.655391328507702209e-01
3.653718359070180499e-01
3.652062456129209767e-01
3.650410013934523024e-01
3.648759208420445654e-01
3.647116571152360098e-01
3.645470709868006698e-01
3.643831024542737440e-01
3.642190658912809464e-01
3.640549375191889925e-01
3.638893011306441605e-01
3.637210985376935213e-01
3.635520193735538585e-01
3.633828275025357546e-01
3.632148313662351691e-01
3.630476777568908964e-01
3.628805648404406226e-01
3.627146580518739727e-01
3.625480676581450123e-01
3.623818394684831801e-01
3.622154131245257092e-01
3.620486177977562670e-01
3.618823238798625774e-01
3.617157394190282371e-01
3.615491980110834835e-01
3.613837096296412810e-01
3.612183897375912389e-01
3.610524179966875247e-01
3.608860560317134758e-01
3.607207064618138115e-01
3.605537496709586565e-01
3.603872030665155046e-01
3.602201738489890226e-01
3.600522541238025953e-01
3.598853369768638677e-01
3.597170749859092131e-01
3.595491146434242613e-01
3.593825713596640603e-01
3.592156116463837701e-01
3.590485205197021523e-01
3.588814954966143556e-01
3.587154148910643991e-01
3.585503585572282770e-01
3.583859605732024334e-01
3.582227160995493653e-01
3.580583396768271531e-01
3.578961183243011823e-01
3.577341965988792838e-01
3.575715139248605845e-01
3.574074556324896568e-01
3.572444314475456961e-01
3.570824259914952004e-01
3.569195309135348437e-01
3.567548971107823430e-01
3.565910647694519597e-01
3.564270518793573039e-01
3.562633202869660565e-01
3.561008401856580741e-01
3.559396498002937448e-01
3.557793991340223450e-01
3.556192521401326800e-01
3.554586270486503885e-01
3.552990179510474023e-01
3.551395481503220597e-01
3.549796334036110501e-01
3.548188759791491287e-01
3.546592512926601271e-01
3.544996419725080505e-01
3.543396094245114814e-01
3.541783984499213278e-01
3.540166312716886421e-01
3.538532141734234138e-01
3.536903061700697459e-01
3.535280299506690094e-01
3.533640297503317651e-01
3.531996810001362119e-01
3.530341796508749685e-01
3.528691702356702709e-01
3.527036208756442748e-01
3.525388472897341141e-01
3.523735948942012253e-01
3.522110343335979055e-01
3.520489058574632901e-01
3.518867137516053512e-01
3.517266200359500661e-01
3.515661166698847984e-01
3.514029481510991260e-01
3.512402046126057997e-01
3.510750291218687757e-01
3.509113158917497310e-01
3.507479897322865470e-01
3.505840223982715220e-01
3.504186620954927167e-01
3.502538450082837151e-01
3.500888859982114187e-01
3.499238205903467125e-01
3.497592442354894304e-01
3.495953801405299877e-01
3.494326611640398705e-01
3.492687758397297060e-01
3.491056492340184336e-01
3.489432028955523069e-01
3.487800736571815552e-01
3.486179779820282598e-01
3.484558092644975402e-01
3.482936909793562519e-01
3.481304631902695790e-01
3.479668612627913604e-01
3.478031870186436558e-01
3.476403377816258966e-01
3.474787576660154920e-01
3.473166007035045633e-01
3.471550160981477506e-01
3.469934900230353669e-01
3.468333495735069216e-01
3.466735667269457699e-01
3.465139773673465151e-01
3.463532261834186277e-01
3.461925017745856037e-01
3.460315403606282758e-01
3.458715092648947387e-01
3.457105660213934395e-01
3.455493181705924233e-01
3.453883834035111344e-01
3.452276747730441686e-01
3.450671803819367334e-01
3.449051469204665321e-01
3.447442383952834533e-01
3.445834405154299951e-01
3.444215591530477849e-01
3.442594471702446479e-01
3.440976752457667875e-01
3.439363748651988462e-01
3.437738951525806663e-01
3.436109741360303116e-01
3.434478058696689429e-01
3.432863177253164255e-01
3.431245456576418329e-01
3.429639877654153679e-01
3.428035711583329315e-01
3.426414676924806058e-01
3.424786966163995139e-01
3.423152552549498240e-01
3.421506623984758022e-01
3.419858656962416199e-01
3.418204188240193675e-01
3.416546866953409922e-01
3.414886942962180871e-01
3.413234757184955837e-01
3.411578130052086988e-01
3.409940413639567236e-01
3.408318707003356041e-01
3.406695881107125734e-01
3.405081924546647931e-01
3.403487133741395776e-01
3.401895345444658214e-01
3.400302597037715979e-01
3.398704624830403143e-01
3.397098370086916730e-01
3.395481806062207730e-01
3.393850383157311912e-01
3.392219592806178796e-01
3.390577826376833803e-01
3.388913461903941826e-01
3.387244850341212254e-01
3.385569630300541144e-01
3.383895178935369952e-01
3.382226521662636820e-01
3.380555892293281572e-01
3.378886598382021544e-01
3.377219324653396582e-01
3.375548689833493543e-01
3.373877829987330101e-01
3.372221215113287429e-01
3.370573590083485449e-01
3.368931206443184223e-01
3.367283937447209108e-01
3.365641991950232836e-01
3.364008308428284022e-01
3.362369465675337787e-01
3.360724456418328066e-01
3.359078761750197151e-01
3.357441153263960310e-01
3.355799212089677908e-01
3.354162536484415202e-01
3.352530695622594759e-01
3.350903581727379676e-01
3.349287336432044682e-01
3.347672928918065116e-01
3.346058317634648116e-01
3.344437381151642574e-01
3.342816146209344197e-01
3.341190817659178136e-01
3.339557914196361610e-01
3.337923798033501366e-01
3.336295865977234043e-01
3.334679598391527278e-01
3.333069771055211516e-01
3.331456280602891340e-01
3.329851623081270806e-01
3.328246911524338492e-01
3.326643486421372309e-01
3.325042786048908461e-01
3.323448468243336840e-01
3.321850867417711073e-01
3.320240804609396745e-01
3.318628172307050428e-01
3.317016606219118091e-01
3.315389672251629061e-01
3.313765906705190001e-01
3.312150304848509030e-01
3.310542170685386032e-01
3.308939711881774270e-01
3.307328933916874880e-01
3.305721692298318470e-01
3.304104231730331520e-01
3.302480015892425014e-01
3.300863908766001886e-01
3.299263938763775661e-01
3.297662258340683383e-01
3.296073339155680682e-01
3.294480635735622664e-01
3.292877701742537022e-01
3.291269970713088244e-01
3.289662968540351118e-01
3.288065081386771782e-01
3.286473515114020638e-01
3.284874408999338691e-01
3.283252863733812643e-01
3.281627657314771795e-01
3.280001596508599349e-01
3.278380959208270773e-01
3.276762568922550467e-01
3.275163196620441974e-01
3.273547550681676355e-01
3.271922100125143618e-01
3.270300188055878521e-01
3.268683058776242767e-01
3.267063959059530731e-01
3.265454498998057731e-01
3.263835389466391845e-01
3.262214891011675499e-01
3.260590704275737606e-01
3.258968847660294599e-01
3.257358940372718226e-01
3.255752081503404116e-01
3.254155526989380709e-01
3.252567731234047299e-01
3.250978321582249086e-01
3.249386491257690301e-01
3.247789201679717741e-01
3.246196919745720777e-01
3.244601385417007489e-01
3.243002206088326234e-01
3.241415314036361628e-01
3.239826675137212342e-01
3.238245449652846775e-01
3.236677708444005708e-01
3.235097256832961676e-01
3.233512587486012668e-01
3.231933302822381782e-01
3.230353972956473418e-01
3.228781781117963656e-01
3.227215967215469328e-01
3.225644581970432689e-01
3.224060234610641729e-01
3.222466538305608363e-01
3.220870415253462293e-01
3.219271619519244454e-01
3.217678373310787210e-01
3.216079775815460784e-01
3.214470042467975630e-01
3.212876035426150412e-01
3.211277116864571513e-01
3.209678117434424105e-01
3.208063198902460500e-01
3.206442235361693927e-01
3.204815005873394851e-01
3.203180219744425350e-01
3.201542596339622682e-01
3.199912614852458148e-01
3.198285055484221262e-01
3.196662437941201196e-01
3.195041568206797300e-01
3.193420402325883867e-01
3.191808535507802969e-01
3.190187936781102573e-01
3.188578013075565876e-01
3.186958147246401474e-01
3.185344284285351879e-01
3.183734229157709206e-01
3.182125675858466507e-01
3.180516609764771352e-01
3.178922285766742628e-01
3.177325219417919677e-01
3.175732370294090945e-01
3.174146086851613036e-01
3.172558247628122774e-01
3.170965121974796408e-01
3.169377986662958446e-01
3.167799605224801418e-01
3.166232120126523664e-01
3.164674174698546283e-01
3.163108943401788387e-01
3.161523583306460328e-01
3.159929528300473023e-01
3.158336120468173691e-01
3.156728465733412703e-01
3.155121442693455958e-01
3.153517524184936693e-01
3.151923762949991881e-01
3.150345777429339744e-01
3.148766872215366663e-01
3.147173244013957705e-01
3.145596396527198801e-01
3.144017307350724932e-01
3.142442609998387648e-01
3.140863259367092097e-01
3.139289652262296504e-01
3.137727598641659177e-01
3.136154025038852544e-01
3.134586364367358824e-01
3.133023927797923824e-01
3.131453743541778301e-01
3.129890684878742779e-01
3.128340303763066932e-01
3.126786532250986350e-01
3.125231282303455593e-01
3.123683226737991037e-01
3.122117427548805058e-01
3.120555203793734522e-01
3.118979310910952041e-01
3.117408399911124617e-01
3.115834202586975632e-01
3.114256633057510548e-01
3.112682348621940154e-01
3.111123506958698437e-01
3.109572502741643207e-01
3.108036164517826161e-01
3.106505181007103711e-01
3.104981866385468914e-01
3.103459693371429240e-01
3.101937153933402302e-01
3.100408224902297394e-01
3.098861231575036346e-01
3.097313946570435794e-01
3.095757727952030414e-01
3.094195226056384307e-01
3.092645637814545601e-01
3.091096478106173384e-01
3.089537235727032316e-01
3.087981023067120079e-01
3.086422608851020488e-01
3.084876609343744636e-01
3.083337685212234058e-01
3.081791112465308013e-01
3.080263910235173652e-01
3.078736450831792704e-01
3.077208281480069418e-01
3.075693436614808096e-01
3.074181661297186730e-01
3.072653763891499690e-01
3.071112555794548449e-01
3.069588966469397606e-01
3.068071399153048939e-01
3.066549371430684068e-01
3.065038637234226981e-01
3.063519955698660868e-01
3.061974632977723099e-01
3.060435534017507675e-01
3.058897358807230460e-01
3.057349531573941293e-01
3.055811497310292890e-01
3.054253178485968334e-01
3.052703044746678529e-01
3.051163064757962951e-01
3.049605964372681388e-01
3.048036782237462106e-01
3.046479712399048911e-01
3.044924569588547958e-01
3.043369494714366907e-01
3.041815470478162475e-01
3.040260127944333091e-01
3.038714171180302293e-01
3.037164219367526341e-01
3.035607283479032636e-01
3.034063148563161394e-01
3.032518267383235711e-01
3.030977053924964748e-01
3.029432069825065410e-01
3.027889450173211761e-01
3.026344886625116914e-01
3.024798237946511592e-01
3.023269531978537428e-01
3.021736446190196324e-01
3.020198284718040860e-01
3.018651884834271382e-01
3.017112011689974671e-01
3.015569270892110021e-01
3.014015583878806304e-01
3.012480356560250372e-01
3.010945572056177855e-01
3.009411192068878194e-01
3.007882320114028674e-01
3.006353519573769506e-01
3.004848387770808205e-01
3.003346244608623983e-01
3.001846922376293914e-01
3.000350864084059821e-01
2.998845916375061371e-01
2.997356522697212644e-01
2.995869676028060646e-01
2.994370808498059144e-01
2.992876392853255907e-01
2.991364393765002516e-01
2.989833366406660087e-01
2.988293588602950468e-01
2.986761225895576688e-01
2.985234494332423827e-01
2.983701689086938336e-01
2.982184182689944785e-01
2.980664463086392657e-01
2.979148344022717332e-01
2.977624971654729835e-01
2.976106583683096884e-01
2.974588107473775112e-01
2.973073746728662203e-01
2.971567952101593080e-01
2.970055703622970222e-01
2.968540049868313435e-01
2.967015983510503108e-01
2.965486784916721574e-01
2.963961165351504112e-01
2.962450962412654376e-01
2.960935826315306274e-01
2.959414556062149315e-01
2.957880677458371022e-01
2.956347782949383385e-01
2.954815691465300653e-01
2.953279017404471518e-01
2.951748916555312352e-01
2.950225105738546461e-01
2.948706997346995928e-01
2.947192008511457240e-01
2.945680970550553779e-01
2.944180151073608198e-01
2.942683929451525016e-01
2.941189096583849971e-01
2.939678442968137739e-01
2.938170010736204651e-01
2.936660576349572338e-01
2.935156986134824786e-01
2.933647741468149994e-01
2.932149459096293209e-01
2.930649493450940835e-01
2.929154325136373305e-01
2.927651822001169357e-01
2.926161929274117557e-01
2.924664117262969487e-01
2.923173316816424228e-01
2.921685131039201133e-01
2.920198746244750954e-01
2.918723726582519995e-01
2.917249352453925582e-01
2.915764073079469276e-01
2.914279238133622996e-01
2.912791724920438252e-01
2.911293951950923997e-01
2.909796900160302457e-01
2.908282714408285674e-01
2.906780683946855737e-01
2.905275480673570332e-01
2.903764739593447386e-01
2.902267322207919831e-01
2.900781661459438943e-01
2.899292567972374668e-01
2.897806420605721356e-01
2.896313145285396295e-01
2.894815246557652655e-01
2.893321643045636549e-01
2.891826527868799901e-01
2.890346456077961257e-01
2.888869390434322670e-01
2.887394991162409719e-01
2.885914616720562376e-01
2.884442909474416172e-01
2.882973326955456939e-01
2.881512240626639687e-01
2.880046587561900240e-01
2.878567671293785213e-01
2.877082735418582393e-01
2.875598215394356560e-01
2.874121189797431697e-01
2.872640308025366518e-01
2.871155553383444858e-01
2.869671389729491207e-01
2.868194890313196521e-01
2.866720770644000660e-01
2.865250015560777963e-01
2.863785172685884284e-01
2.862322580448777298e-01
2.860858797018798749e-01
2.859395528307163148e-01
2.857936854485311207e-01
2.856482265914199736e-01
2.855026734837604052e-01
2.853563111293306864e-01
2.852087562624638917e-01
2.850600337669177420e-01
2.849121169512974228e-01
2.847638343379487180e-01
2.846150832532526320e-01
2.844649098602963222e-01
2.843153456735382778e-01
2.841664147765830539e-01
2.840171405752823230e-01
2.838673209045177726e-01
2.837178582275720062e-01
2.835677720977360927e-01
2.834164279494365557e-01
2.832664979531956395e-01
2.831170000672367237e-01
2.829681354138093852e-01
2.828197421061405259e-01
2.826706366780932789e-01
2.825217341554465134e-01
2.823732594122305706e-01
2.822248248092635858e-01
2.820761971708985461e-01
2.819293150416963267e-01
2.817816491449749439e-01
2.816350231853654296e-01
2.814887448154164140e-01
2.813415614174266111e-01
2.811941667525297839e-01
2.810471812949157377e-01
2.809008783319463798e-01
2.807558622892870059e-01
2.806116840581380778e-01
2.804681631871705494e-01
2.803228878919534761e-01
2.801767725764245376e-01
2.800314417109397436e-01
2.798862998177595873e-01
2.797420711974880070e-01
2.795970136684365337e-01
2.794508812421125366e-01
2.793037536884673822e-01
2.791569060704775507e-01
2.790103589625269609e-01
2.788640899861490885e-01
2.787166865143052563e-01
2.785690989743314638e-01
2.784208876777318209e-01
2.782721211980767051e-01
2.781244468439100781e-01
2.779771862293491935e-01
2.778288583342619078e-01
2.776793311023010857e-01
2.775302181188334383e-01
2.773817295123183202e-01
2.772331506726390393e-01
2.770844509889444640e-01
2.769366653244514365e-01
2.767897321550968348e-01
2.766435180082852385e-01
2.764966656387399802e-01
2.763498669403857133e-01
2.762020848996067923e-01
2.760536064661634481e-01
2.759063638202854385e-01
2.757587324655019212e-01
2.756109062919668284e-01
2.754634795691571214e-01
2.753155360401054463e-01
2.751671788403058372e-01
2.750182498249845731e-01
2.748708367375876094e-01
2.747234879400801133e-01
2.745756088469437639e-01
2.744271066344660115e-01
2.742804119906990801e-01
2.741340303932768285e-01
2.739877621107978389e-01
2.738411284012920444e-01
2.736941144575304463e-01
2.735493089522030852e-01
2.734027045053002980e-01
2.732552796855857724e-01
2.731056358255107841e-01
2.729564727170079586e-01
2.728059406313906865e-01
2.726564199199565941e-01
2.725079030743954300e-01
2.723596504186773792e-01
2.722126161143463841e-01
2.720660810870464408e-01
2.719212769507557415e-01
2.717766648732820589e-01
2.716317404156746163e-01
2.714858133670398077e-01
2.713403410182770314e-01
2.711959507624729926e-01
2.710517034148723359e-01
2.709064429621153014e-01
2.707620085108451424e-01
2.706184187581772704e-01
2.704751000360668400e-01
2.703304625107394443e-01
2.701868646713221911e-01
2.700431477665696245e-01
2.698993428075316947e-01
2.697566534269948968e-01
2.696135194553078707e-01
2.694702116075499698e-01
2.693268519382490123e-01
2.691838213838446126e-01
2.690402435760755884e-01
2.688972097137016237e-01
2.687543212210005139e-01
2.686101113921063877e-01
2.684649392829955850e-01
2.683199036613431177e-01
2.681731319894846144e-01
2.680271079740729756e-01
2.678814890176884345e-01
2.677346382749884457e-01
2.675897593508754224e-01
2.674441554065495330e-01
2.672991086752113388e-01
2.671548238146196352e-01
2.670098450223252207e-01
2.668627146194737509e-01
2.667175108461506960e-01
2.665722853249211100e-01
2.664269684191251097e-01
2.662813022036107369e-01
2.661358638414961231e-01
2.659921566198033549e-01
2.658485555868309591e-01
2.657032681761742343e-01
2.655580157722490231e-01
2.654133696822230104e-01
2.652686325429169933e-01
2.651241866985705742e-01
2.649789293946958613e-01
2.648331256769694275e-01
2.646887097279659873e-01
2.645448158150751627e-01
2.644022144823742759e-01
2.642591366847560352e-01
2.641160785999350225e-01
2.639733811021263699e-01
2.638315393117005581e-01
2.636902479490385032e-01
2.635474058435621214e-01
2.634044801574821348e-01
2.632602530707658928e-01
2.631151529444104575e-01
2.629695388735254213e-01
2.628233362636792081e-01
2.626775715568043235e-01
2.625307771673938695e-01
2.623855002120091817e-01
2.622401901295107751e-01
2.620957866938382064e-01
2.619502108264519236e-01
2.618050082321748961e-01
2.616606319242491541e-01
2.615164096690293927e-01
2.613733550345452850e-01
2.612305288656803226e-01
2.610883440858761118e-01
2.609453576766344596e-01
2.608020040351573532e-01
2.606596326875522673e-01
2.605181682956222433e-01
2.603768758887326507e-01
2.602359531818406735e-01
2.600940297192189665e-01
2.599518086393871608e-01
2.598103095916452498e-01
2.596694475134826985e-01
2.595277972933823785e-01
2.593856841406782521e-01
2.592443724139457117e-01
2.591035748984136799e-01
2.589632861903030103e-01
2.588222696836859349e-01
2.586824301607610899e-01
2.585429277610525323e-01
2.584036772979695362e-01
2.582639114191375151e-01
2.581251384514909875e-01
2.579867117079462369e-01
2.578491784375937512e-01
2.577114958075994999e-01
2.575749331716507551e-01
2.574384264581460746e-01
2.573009786330047732e-01
2.571620479256332414e-01
2.570229163496767777e-01
2.568849520721264157e-01
2.567466937128017879e-01
2.566088355795465570e-01
2.564708732029277183e-01
2.563326413750857125e-01
2.561947666329694728e-01
2.560583265734699410e-01
2.559213144545766094e-01
2.557832114311673344e-01
2.556447103165646606e-01
2.555055839523414640e-01
2.553673319053014201e-01
2.552287782380750492e-01
2.550914069984782651e-01
2.549524659442180541e-01
2.548143858502463499e-01
2.546755713119639997e-01
2.545369276031150263e-01
2.543971942411329956e-01
2.542585707339304890e-01
2.541192877883403645e-01
2.539808779396007798e-01
2.538413224816627456e-01
2.537003187697042250e-01
2.535597309219020379e-01
2.534191963164966199e-01
2.532801962409628183e-01
2.531411189592376321e-01
2.530018387073736941e-01
2.528622353618431018e-01
2.527236418790136940e-01
2.525857003582536731e-01
2.524486989182291863e-01
2.523103093779163197e-01
2.521714973387191860e-01
2.520325128222517530e-01
2.518943842168419600e-01
2.517538426326609846e-01
2.516142812476611645e-01
2.514734117703538718e-01
2.513327586142484193e-01
2.511924408161525513e-01
2.510514568903647326e-01
2.509106435883577402e-01
2.507701198459086345e-01
2.506298838129523698e-01
2.504900009410458428e-01
2.503499380425768250e-01
2.502104770787579868e-01
2.500717677226483859e-01
2.499329824209412798e-01
2.497942875421192421e-01
2.496571001967320402e-01
2.495195177051227342e-01
2.493828925083307058e-01
2.492454804484498243e-01
2.491084193195199081e-01
2.489710317272731954e-01
2.488324267251884603e-01
2.486948596301465642e-01
2.485575697348317292e-01
2.484186821164947878e-01
2.482790531451476157e-01
2.481385654606790003e-01
2.479980767726600033e-01
2.478571859383247311e-01
2.477148295496374997e-01
2.475738013276509442e-01
2.474324169472651436e-01
2.472917752844596695e-01
2.471525138998888205e-01
2.470136912527202411e-01
2.468757409780635015e-01
2.467378882852546695e-01
2.466009961512806992e-01
2.464627771240830711e-01
2.463244497840451630e-01
2.461863284526842610e-01
2.460484955515769845e-01
2.459096977508012094e-01
2.457712855237983995e-01
2.456319901857672294e-01
2.454932948599226061e-01
2.453541983245503266e-01
2.452140931775176336e-01
2.450757601001596064e-01
2.449364124197140336e-01
2.447974692492574655e-01
2.446604428961314803e-01
2.445229561266347718e-01
2.443857284909851935e-01
2.442495648639037564e-01
2.441144259408996875e-01
2.439783815797758326e-01
2.438441876242628537e-01
2.437100690143499671e-01
2.435760089109108850e-01
2.434427132516140679e-01
2.433092046388701246e-01
2.431750533691880434e-01
2.430406491285925785e-01
2.429077088698106679e-01
2.427758498936009868e-01
2.426429824647681199e-01
2.425104764017352033e-01
2.423763680795370246e-01
2.422424452443389109e-01
2.421094214502483855e-01
2.419767442628943943e-01
2.418433432438785446e-01
2.417098864653821899e-01
2.415768591998575243e-01
2.414430434988854846e-01
2.413087675897219730e-01
2.411735690943830612e-01
2.410375006681407528e-01
2.409010463281751890e-01
2.407656269740050536e-01
2.406299912729057411e-01
2.404947244827096986e-01
2.403603703348067833e-01
2.402257290337953544e-01
2.400899725181911970e-01
2.399549963492619009e-01
2.398195563082343995e-01
2.396852717070334926e-01
2.395511366365583594e-01
2.394172165461983248e-01
2.392837977478787792e-01
2.391501207801058349e-01
2.390163191519350250e-01
2.388838047074709758e-01
2.387515368408870964e-01
2.386188239682791867e-01
2.384872222301581690e-01
2.383542341967621048e-01
2.382198702423795611e-01
2.380851864110633542e-01
2.379510926520684300e-01
2.378153448933189862e-01
2.376798217512432199e-01
2.375447847089508790e-01
2.374096873843108968e-01
2.372753123630101102e-01
2.371412852486108058e-01
2.370075028845005094e-01
2.368734631154024162e-01
2.367397783143531942e-01
2.366059457686439382e-01
2.364722413565818748e-01
2.363393764767579008e-01
2.362070770658445951e-01
2.360756302792797467e-01
2.359439031285418820e-01
2.358127435860053467e-01
2.356832214469224418e-01
2.355537843920882668e-01
2.354230109347381916e-01
2.352926043725331595e-01
2.351603687639968743e-01
2.350291999505969565e-01
2.348981927895894550e-01
2.347676220249675649e-01
2.346361622975251249e-01
2.345055773531010135e-01
2.343748329655715446e-01
2.342440484236427145e-01
2.341135993248406599e-01
2.339830878533125380e-01
2.338518670470159377e-01
2.337210796689309922e-01
2.335891376896993277e-01
2.334576527661498535e-01
2.333255885795482987e-01
2.331943985538889319e-01
2.330630114691224219e-01
2.329311562223785881e-01
2.327998844024325997e-01
2.326680669917389199e-01
2.325368852744784387e-01
2.324069366766516043e-01
2.322761133811417078e-01
2.321443656329367500e-01
2.320130912188764771e-01
2.318828437504682483e-01
2.317511548952137790e-01
2.316189899038882116e-01
2.314881745307691419e-01
2.313556658281520906e-01
2.312229701455074948e-01
2.310889973449989643e-01
2.309554106061598722e-01
2.308225843258666921e-01
2.306907192055884792e-01
2.305592791267590536e-01
2.304291063620901858e-01
2.302985881406987567e-01
2.301665595767970751e-01
2.300341377349377214e-01
2.299021671056871441e-01
2.297719791093629504e-01
2.296421990073473918e-01
2.295114071368815900e-01
2.293805380428654839e-01
2.292505744843492399e-01
2.291214362956857098e-01
2.289924316172876062e-01
2.288639025961856366e-01
2.287353368994716196e-01
2.286069453288825937e-01
2.284784379348589189e-01
2.283504450703121025e-01
2.282216793724797799e-01
2.280934495219205105e-01
2.279663241297535392e-01
2.278387970339689761e-01
2.277114659630976867e-01
2.275837067409473002e-01
2.274560007029193809e-01
2.273286959719713063e-01
2.272009622880879487e-01
2.270746605215553660e-01
2.269474370229593030e-01
2.268197665703044485e-01
2.266923783245533841e-01
2.265644109890599667e-01
2.264376004115867258e-01
2.263105219891450026e-01
2.261835957930762864e-01
2.260573833669076993e-01
2.259312891097725873e-01
2.258056041783967072e-01
2.256803754625705261e-01
2.255539712263767149e-01
2.254257720859149106e-01
2.252979013878746994e-01
2.251697128597068831e-01
2.250414836156299225e-01
2.249127434179127305e-01
2.247841920507712421e-01
2.246549475539616203e-01
2.245261342531273685e-01
2.243977533221373777e-01
2.242698613791059004e-01
2.241433721318516203e-01
2.240155287575149590e-01
2.238866897423864299e-01
2.237582836004402553e-01
2.236297256399964184e-01
2.235024404675285681e-01
2.233753910338876214e-01
2.232495542323048032e-01
2.231244497326501652e-01
2.229999536907760760e-01
2.228754670800684734e-01
2.227508963451329815e-01
2.226268237928735738e-01
2.225029169783684646e-01
2.223787836069946733e-01
2.222544633223124955e-01
2.221300171925824907e-01
2.220066631665939538e-01
2.218837525711681857e-01
2.217600572081011301e-01
2.216354157983795869e-01
2.215107863374803365e-01
2.213851486940001390e-01
2.212597853503407985e-01
2.211348124775815160e-01
2.210102658688688770e-01
2.208863891751532971e-01
2.207626769265935429e-01
2.206403315747796079e-01
2.205160425715552153e-01
2.203914035159641460e-01
2.202664476036965691e-01
2.201416373152518535e-01
2.200177330158294697e-01
2.198936097897222219e-01
2.197694049005352313e-01
2.196446424807997622e-01
2.195201225600944550e-01
2.193959949209978166e-01
2.192723887938680671e-01
2.191496634520476439e-01
2.190254181984264414e-01
2.188999019524917600e-01
2.187748608454809229e-01
2.186489034414038912e-01
2.185222913918463405e-01
2.183942685117932492e-01
2.182663694746429794e-01
2.181384631779976491e-01
2.180102514262010349e-01
2.178822871199703193e-01
2.177538451518176432e-01
2.176257867900320275e-01
2.174975468187817507e-01
2.173695610567010772e-01
2.172419424226937068e-01
2.171148917032598991e-01
2.169880032296907513e-01
2.168621698984173896e-01
2.167364785785678705e-01
2.166104023534125289e-01
2.164845983287520814e-01
2.163586394372168376e-01
2.162333202911611574e-01
2.161081032230773580e-01
2.159819269163852917e-01
2.158555430900795657e-01
2.157311239511738588e-01
2.156066876038304769e-01
2.154818197751995623e-01
2.153567072137471949e-01
2.152323834281001658e-01
2.151076594958826471e-01
2.149829474994762180e-01
2.148591047437146129e-01
2.147358208395059587e-01
2.146131490579371304e-01
2.144904470723920931e-01
2.143687429928192723e-01
2.142468869422579358e-01
2.141244972614616826e-01
2.140022106338554941e-01
2.138787363147011955e-01
2.137545659079587712e-01
2.136297352942274630e-01
2.135046022989990078e-01
2.133797861332886181e-01
2.132561815488704382e-01
2.131320094167788448e-01
2.130089728039094854e-01
2.128870711272650984e-01
2.127654872227942584e-01
2.126443318878147859e-01
2.125236542404637941e-01
2.124028610405718775e-01
2.122823162772172756e-01
2.121631581900508268e-01
2.120429110860275190e-01
2.119216058775340306e-01
2.118004335316578113e-01
2.116805736968136453e-01
2.115610516709681976e-01
2.114403022804852150e-01
2.113187822604107313e-01
2.111964711832669817e-01
2.110745758946735995e-01
2.109528890934161960e-01
2.108315005448575807e-01
2.107112390062155782e-01
2.105914134886308353e-01
2.104710933942876838e-01
2.103502256340095133e-01
2.102294643608935976e-01
2.101101148273546437e-01
2.099897949873990866e-01
2.098699260002149791e-01
2.097487493423816352e-01
2.096274911671269225e-01
2.095055417999280301e-01
2.093834600764841181e-01
2.092608374054150400e-01
2.091393729979019456e-01
2.090163366127646416e-01
2.088929285773061806e-01
2.087694583329684772e-01
2.086469604101509334e-01
2.085247782079948375e-01
2.084018725634393387e-01
2.082797162546476399e-01
2.081583728324717109e-01
2.080360866506819062e-01
2.079145930905029194e-01
2.077947414411812077e-01
2.076742378953536083e-01
2.075528905875164143e-01
2.074307843897202630e-01
2.073093570031806498e-01
2.071895705988462399e-01
2.070705748721345663e-01
2.069513450598167992e-01
2.068319357336684261e-01
2.067117169149188805e-01
2.065913743918945111e-01
2.064716783487372531e-01
2.063518600222399579e-01
2.062312937233432564e-01
2.061108751515271786e-01
2.059897872251440776e-01
2.058689468342621287e-01
2.057480186490712459e-01
2.056274682166438494e-01
2.055089476737781973e-01
2.053911406947218632e-01
2.052742107334722954e-01
2.051562736588110336e-01
2.050390386314573099e-01
2.049210122386128929e-01
2.048049912042665677e-01
2.046896705114762682e-01
2.045744813092557068e-01
2.044593540641795881e-01
2.043443858475537112e-01
2.042297825501708519e-01
2.041142842786637657e-01
2.039982426862350373e-01
2.038816727135656648e-01
2.037648883657166288e-01
2.036492570892897425e-01
2.035336849602382425e-01
2.034192699761763756e-01
2.033047268194926593e-01
2.031891160025033338e-01
2.030721511528079115e-01
2.029548016836318358e-01
2.028372995848094495e-01
2.027193375327588365e-01
2.025996998755457690e-01
2.024811919099695767e-01
2.023621775106594078e-01
2.022439838259911526e-01
2.021250723979631514e-01
2.020064330670913733e-01
2.018870909626998278e-01
2.017670438359567830e-01
2.016482791175935596e-01
2.015291391900956297e-01
2.014098540027926820e-01
2.012894475019210427e-01
2.011692711315875570e-01
2.010482090740469407e-01
2.009265604567755659e-01
2.008058194753656323e-01
2.006850918658533711e-01
2.005644151257409413e-01
2.004437581090811604e-01
2.003245552373980054e-01
2.002063206237741921e-01
2.000878706752002856e-01
1.999699205582148032e-01
1.998532661206716410e-01
1.997367238849828697e-01
1.996199190158754466e-01
1.995037769652089621e-01
1.993878673431877802e-01
1.992731228992387082e-01
1.991575795373673463e-01
1.990422781739526747e-01
1.989267157121423768e-01
1.988099807028802790e-01
1.986929658430724166e-01
1.985759058202944405e-01
1.984592760238633735e-01
1.983426433288841273e-01
1.982260153960017923e-01
1.981100607108562950e-01
1.979947066937811917e-01
1.978786396333523934e-01
1.977620868542176724e-01
1.976448697715169900e-01
1.975276856900131384e-01
1.974100119366709871e-01
1.972920919130005390e-01
1.971744359825481629e-01
1.970576783530292309e-01
1.969411925777129480e-01
1.968235544074209975e-01
1.967073097887567512e-01
1.965915064305466808e-01
1.964750299848445070e-01
1.963585392357850012e-01
1.962410560524788239e-01
1.961241969941293628e-01
1.960078413555763066e-01
1.958909478573193363e-01
1.957744259612139992e-01
1.956577293462906653e-01
1.955410458419800102e-01
1.954262934086872516e-01
1.953110756980109830e-01
1.951961235985107124e-01
1.950824788567510903e-01
1.949693403659506774e-01
1.948558951349211588e-01
1.947427172672402118e-01
1.946294308067199330e-01
1.945158651753613188e-01
1.944032980024424651e-01
1.942909840595420934e-01
1.941788898791100282e-01
1.940669163311073975e-01
1.939556106883511544e-01
1.938445817635499613e-01
1.937331432789344832e-01
1.936208626215247808e-01
1.935078479018559616e-01
1.933942701846998180e-01
1.932801380474523378e-01
1.931655126955879320e-01
1.930512594802137327e-01
1.929376387326406928e-01
1.928246883619510188e-01
1.927112960819333809e-01
1.925978546045758188e-01
1.924845544265530450e-01
1.923707637105091517e-01
1.922569796825990274e-01
1.921440696611771970e-01
1.920317600858547080e-01
1.919202475184318968e-01
1.918082171341514430e-01
1.916954597582399278e-01
1.915819747113803317e-01
1.914687465672440525e-01
1.913562494307644024e-01
1.912441433311670436e-01
1.911318244321377757e-01
1.910197352635398804e-01
1.909074523097833154e-01
1.907954741086622663e-01
1.906832110892488497e-01
1.905701323270959091e-01
1.904573867432401701e-01
1.903444244486061365e-01
1.902311403553898772e-01
1.901182007139433361e-01
1.900053637375601345e-01
1.898925998469321308e-01
1.897800506246058172e-01
1.896684330138128649e-01
1.895567366341826265e-01
1.894432335289222558e-01
1.893292801856366891e-01
1.892165999884407590e-01
1.891050071535051447e-01
1.889929718330739528e-01
1.888789094228114362e-01
1.887648983828537352e-01
1.886515437370305248e-01
1.885389073741530475e-01
1.884255095377390943e-01
1.883120302862376083e-01
1.881982619006962731e-01
1.880843135391852550e-01
1.879702472492271181e-01
1.878564799851602796e-01
1.877432978403761332e-01
1.876304114708143012e-01
1.875168741251464211e-01
1.874026235800049789e-01
1.872890515033000802e-01
1.871748308501119396e-01
1.870613045553722598e-01
1.869489479502217388e-01
1.868374326284816256e-01
1.867258111404435372e-01
1.866144404449598948e-01
1.865020463522370497e-01
1.863899278516936708e-01
1.862781596780000992e-01
1.861663304712523337e-01
1.860549138992222962e-01
1.859438501374066910e-01
1.858334048901248148e-01
1.857233146131444801e-01
1.856132869233250438e-01
1.855025605973282254e-01
1.853908045748910716e-01
1.852793015147949918e-01
1.851680320460670770e-01
1.850573155546941795e-01
1.849467206201578784e-01
1.848365980640255257e-01
1.847266135090005756e-01
1.846160571284785890e-01
1.845055570162795755e-01
1.843949707380315439e-01
1.842856878288009759e-01
1.841763440169754129e-01
1.840680664066531580e-01
1.839601047952821311e-01
1.838510442398097189e-01
1.837420372210317177e-01
1.836335832608246565e-01
1.835246466935960552e-01
1.834151544728473970e-01
1.833072855968541082e-01
1.831985990465069825e-01
1.830906378197761086e-01
1.829823833349613349e-01
1.828739032572422318e-01
1.827648876183027293e-01
1.826561672514267765e-01
1.825481485420797911e-01
1.824399384182683048e-01
1.823315496239306110e-01
1.822236034702187091e-01
1.821161612997408696e-01
1.820098685221216706e-01
1.819027324907301069e-01
1.817954986049163946e-01
1.816873496785248177e-01
1.815794248961394852e-01
1.814716891964310852e-01
1.813631827084464521e-01
1.812550572457816700e-01
1.811468771314475312e-01
1.810394073949071203e-01
1.809322220178385676e-01
1.808256741914855137e-01
1.807186205760427378e-01
1.806113516456077372e-01
1.805049450542431377e-01
1.803981740201801853e-01
1.802904850280584725e-01
1.801833511999005044e-01
1.800766225734799220e-01
1.799687435370286581e-01
1.798610776306924508e-01
1.797540048194203877e-01
1.796462085332445335e-01
1.795378230050205248e-01
1.794297393695045151e-01
1.793218269968756551e-01
1.792157127898915958e-01
1.791097906748604085e-01
1.790036168893977542e-01
1.788980442140434279e-01
1.787918197205615456e-01
1.786850355061094520e-01
1.785780960584710531e-01
1.784714803407095318e-01
1.783663133891140173e-01
1.782607958152829242e-01
1.781554515878484846e-01
1.780500746589305516e-01
1.779445542497715693e-01
1.778384695196401910e-01
1.777319586626833758e-01
1.776266966062369779e-01
1.775229337358071591e-01
1.774180996552960354e-01
1.773132366428192830e-01
1.772079140365065975e-01
1.771027017332548192e-01
1.769982660336925917e-01
1.768934315082336672e-01
1.767875622267559010e-01
1.766825948953217873e-01
1.765769613756369150e-01
1.764711084176421030e-01
1.763652477379336059e-01
1.762601695310700711e-01
1.761549755022717711e-01
1.760498512535105253e-01
1.759436462707059945e-01
1.758372881675508703e-01
1.757320764362684251e-01
1.756262643660211897e-01
1.755211223570147527e-01
1.754154018361421263e-01
1.753098702732551473e-01
1.752052007428008262e-01
1.751003264278679361e-01
1.749943626651395689e-01
1.748894357943321098e-01
1.747843079722070925e-01
1.746786532874320397e-01
1.745722527384835077e-01
1.744668200810406966e-01
1.743616574575150013e-01
1.742563926395126750e-01
1.741518909613395671e-01
1.740469087414936444e-01
1.739420553135473113e-01
1.738374711393177452e-01
1.737331996388684630e-01
1.736290332071987463e-01
1.735255177472507515e-01
1.734221491254001601e-01
1.733191220072705097e-01
1.732159555131183026e-01
1.731137688497656479e-01
1.730112155151998787e-01
1.729082444762055637e-01
1.728064286295703245e-01
1.727054840864512830e-01
1.726046551048089905e-01
1.725036884148664629e-01
1.724028219733005074e-01
1.723017576365549197e-01
1.722003348574003834e-01
1.720985609799216554e-01
1.719972865634389059e-01
1.718955856991341014e-01
1.717941100218368933e-01
1.716926802061168877e-01
1.715905928629327115e-01
1.714880269283564074e-01
1.713855825172574399e-01
1.712829077478256745e-01
1.711796924634101102e-01
1.710769191667657063e-01
1.709733866088188337e-01
1.708706013647786348e-01
1.707683565030955197e-01
1.706668067407250966e-01
1.705661795184718332e-01
1.704664912540659050e-01
1.703685033694461171e-01
1.702703709721627712e-01
1.701722725320748419e-01
1.700734663866049212e-01
1.699746431948765124e-01
1.698754760717592904e-01
1.697763422066769223e-01
1.696772967927596687e-01
1.695778460319870284e-01
1.694773422566232257e-01
1.693766480988381784e-01
1.692767975130856084e-01
1.691768484094084701e-01
1.690763949440473590e-01
1.689757699884354147e-01
1.688753909968520317e-01
1.687761334319861917e-01
1.686766416658853907e-01
1.685756332358483711e-01
1.684749401093980914e-01
1.683738454667677020e-01
1.682727002375101477e-01
1.681726067164419913e-01
1.680720034223476267e-01
1.679720497327922002e-01
1.678706750810026183e-01
1.677701311683245655e-01
1.676698738735390715e-01
1.675691505503637269e-01
1.674683841402940243e-01
1.673678646986659357e-01
1.672683003159481097e-01
1.671693666977762116e-01
1.670702139280996479e-01
1.669707224052301153e-01
1.668710661130946571e-01
1.667721800567177060e-01
1.666732231700246425e-01
1.665746306650721098e-01
1.664750668376260012e-01
1.663761499524596399e-01
1.662775486347253806e-01
1.661792937263935344e-01
1.660800889353113430e-01
1.659816361235019189e-01
1.658834859100789261e-01
1.657847519757807975e-01
1.656854415972305039e-01
1.655863341840536074e-01
1.654869120191591603e-01
1.653881681444193952e-01
1.652896594868326630e-01
1.651911412237280774e-01
1.650930328805826630e-01
1.649947469536150735e-01
1.648972088751357867e-01
1.647992478503725322e-01
1.647016919734083096e-01
1.646037100370186246e-01
1.645072394502856417e-01
1.644100604403062049e-01
1.643125406171074276e-01
1.642144209254362552e-01
1.641161580846624279e-01
1.640172822879550352e-01
1.639184470165118146e-01
1.638199050678704194e-01
1.637204678031734528e-01
1.636214526083195064e-01
1.635222484446943458e-01
1.634225741798339127e-01
1.633239515457230728e-01
1.632247733006026713e-01
1.631258471639863983e-01
1.630261452922138476e-01
1.629271275443672784e-01
1.628287132950156368e-01
1.627307978539308808e-01
1.626332779086522573e-01
1.625357020918829498e-01
1.624387140130568175e-01
1.623415197326599224e-01
1.622447574770226053e-01
1.621480902160479243e-01
1.620509094274497075e-01
1.619545233615251323e-01
1.618584061452290335e-01
1.617626669526530669e-01
1.616660169143906700e-01
1.615695986192417499e-01
1.614730553261002066e-01
1.613762923744389011e-01
1.612797804695330073e-01
1.611832681164729053e-01
1.610870520264854611e-01
1.609907515700596536e-01
1.608947971262834620e-01
1.607981057686259374e-01
1.607015399094947061e-01
1.606043840297982084e-01
1.605081833014202763e-01
1.604111848073906665e-01
1.603134791380027013e-01
1.602157190757518002e-01
1.601175620545057798e-01
1.600200681686929638e-01
1.599227266379686097e-01
1.598258102943047321e-01
1.597288806333026501e-01
1.596328913063226884e-01
1.595371489757731465e-01
1.594419665912295281e-01
1.593461973246429186e-01
1.592499279341952345e-01
1.591541619743381264e-01
1.590578989144627309e-01
1.589614754027700583e-01
1.588645567664741520e-01
1.587675174028612135e-01
1.586699286054186475e-01
1.585730669426683170e-01
1.584751759252434333e-01
1.583779159198517028e-01
1.582808730349913873e-01
1.581839484864179801e-01
1.580877995997087004e-01
1.579922789612703271e-01
1.578966683623264644e-01
1.578006536104003266e-01
1.577052641109898956e-01
1.576094950955764795e-01
1.575126658620815134e-01
1.574158100316775943e-01
1.573192672031535344e-01
1.572230469416450449e-01
1.571268216617144886e-01
1.570305543769749956e-01
1.569359218026704916e-01
1.568414213558203818e-01
1.567468666697281465e-01
1.566520406796434450e-01
1.565572089164937730e-01
1.564623197630912732e-01
1.563669763020150150e-01
1.562715478260522095e-01
1.561772817595754037e-01
1.560832743818743318e-01
1.559877971678194641e-01
1.558920098989484970e-01
1.557962319953644093e-01
1.557006432715745126e-01
1.556053194526120509e-01
1.555088911918746097e-01
1.554120503990432944e-01
1.553145831965613288e-01
1.552171936282162046e-01
1.551196405400739886e-01
1.550221516289485291e-01
1.549253170553218928e-01
1.548298336244883777e-01
1.547355577796536430e-01
1.546411697254781725e-01
1.545470087415892757e-01
1.544521283053446048e-01
1.543578356009686348e-01
1.542628685315465820e-01
1.541676655190824807e-01
1.540711569129998293e-01
1.539749894385853135e-01
1.538787957149873042e-01
1.537817627330777537e-01
1.536850666757980932e-01
1.535891007278072928e-01
1.534921292042054353e-01
1.533964852388103040e-01
1.533018903724909232e-01
1.532082720196703829e-01
1.531143861502567705e-01
1.530196935276663950e-01
1.529258031178051813e-01
1.528319444850643749e-01
1.527387096202114103e-01
1.526457313797879300e-01
1.525538843889264751e-01
1.524618218464550146e-01
1.523709719842915311e-01
1.522794206298131447e-01
1.521872604582520938e-01
1.520938265194837768e-01
1.520005252580496347e-01
1.519067658269566967e-01
1.518135362468658878e-01
1.517207847861818670e-01
1.516276429706998885e-01
1.515342353543616682e-01
1.514412332676335904e-01
1.513478995370513835e-01
1.512539266651610759e-01
1.511600141970925737e-01
1.510664894480046316e-01
1.509729435506600437e-01
1.508796174263285494e-01
1.507869928389206082e-01
1.506950386399714958e-01
1.506028173975867690e-01
1.505096642317122480e-01
1.504167280293719211e-01
1.503239590835096506e-01
1.502319520333520175e-01
1.501395076555559760e-01
1.500480687533575774e-01
1.499570118767371285e-01
1.498667127247290676e-01
1.497762636212173204e-01
1.496862826996153140e-01
1.495962725699781781e-01
1.495070181647498719e-01
1.494181864149242422e-01
1.493292630126243081e-01
1.492407694981495170e-01
1.491519171000082744e-01
1.490628056440373439e-01
1.489734791959596849e-01
1.488839022247238630e-01
1.487944532585918911e-01
1.487052437697457541e-01
1.486160471967243601e-01
1.485275864187513006e-01
1.484389732304944309e-01
1.483499196709290313e-01
1.482605260503198907e-01
1.481712776778314755e-01
1.480815017746329454e-01
1.479918896996218758e-01
1.479024163104943612e-01
1.478122692711515140e-01
1.477214549761662332e-01
1.476307322240092701e-01
1.475402030685852017e-01
1.474506013848617125e-01
1.473613433931816596e-01
1.472720839369745793e-01
1.471837910402872818e-01
1.470947592728184539e-01
1.470054288550434463e-01
1.469161038113232509e-01
1.468270125375375768e-01
1.467370023159283443e-01
1.466473171452516711e-01
1.465584497318774548e-01
1.464688054091568825e-01
1.463781871529753476e-01
1.462873143002215992e-01
1.461974848604841171e-01
1.461084308272330157e-01
1.460195489006055614e-01
1.459304158180368682e-01
1.458415624849263292e-01
1.457529810290571493e-01
1.456649706579308812e-01
1.455777212791333763e-01
1.454900542452695900e-01
1.454026856080710972e-01
1.453150253951319970e-01
1.452278410822190058e-01
1.451407582397377383e-01
1.450541930735224638e-01
1.449669467261312517e-01
1.448790405410517179e-01
1.447906935723678179e-01
1.447034729053110480e-01
1.446163974366203031e-01
1.445297361382605617e-01
1.444428403427783780e-01
1.443552344022651923e-01
1.442670096486268205e-01
1.441783645927242619e-01
1.440901769066362526e-01
1.440026070765604016e-01
1.439142834643288293e-01
1.438262211098765564e-01
1.437398059140000683e-01
1.436532066905880090e-01
1.435666136742134724e-01
1.434794895189333841e-01
1.433918500949545316e-01
1.433035149690674859e-01
1.432152803517947048e-01
1.431277759279728501e-01
1.430401095271290612e-01
1.429525702258257480e-01
1.428658455657711990e-01
1.427787731957955719e-01
1.426916056232561680e-01
1.426032644198291788e-01
1.425146871894561740e-01
1.424257694507576055e-01
1.423377098215447278e-01
1.422503631069823027e-01
1.421629186118750499e-01
1.420754348487115737e-01
1.419877896761889136e-01
1.419010608297230358e-01
1.418139285505569946e-01
1.417269211073276525e-01
1.416397680266242298e-01
1.415524832333024119e-01
1.414657239742093398e-01
1.413785295297955436e-01
1.412920282466297028e-01
1.412049443282511196e-01
1.411185393708092872e-01
1.410310343505521147e-01
1.409435704121993205e-01
1.408560315570937527e-01
1.407689298491315577e-01
1.406825246731882029e-01
1.405964821970696610e-01
1.405102902616829907e-01
1.404239186860880284e-01
1.403378674379977820e-01
1.402514317134175292e-01
1.401650069011194377e-01
1.400791554202898137e-01
1.399934622515943972e-01
1.399071959172287771e-01
