3.002336143949299041e-01
2.996972417778133169e-01
2.991618890826285848e-01
2.986260950443478390e-01
2.980882298858699153e-01
2.975516834314535508e-01
2.970141337755117239e-01
2.964770309514832558e-01
2.959412464498114015e-01
2.954021414504368059e-01
2.948630349506767279e-01
2.943228760385780407e-01
2.937811006195678587e-01
2.932419390571874285e-01
2.927033052730153018e-01
2.921610406261747062e-01
2.916141876847566095e-01
2.910671936996059306e-01
2.905200451671692830e-01
2.899724731546690082e-01
2.894258653017185989e-01
2.888781834261154313e-01
2.883284820697752382e-01
2.877732011613001739e-01
2.872177469978034470e-01
2.866620378376200096e-01
2.861076192621896941e-01
2.855530796745746058e-01
2.849968109265676453e-01
2.844366328241421105e-01
2.838726579145018913e-01
2.833095203221660530e-01
2.827498620582483135e-01
2.821904822603636953e-01
2.816270885438687532e-01
2.810646493895523346e-01
2.805084156570712972e-01
2.799523246419213240e-01
2.793961309296479900e-01
2.788412793600705264e-01
2.782914988969617531e-01
2.777430713496087944e-01
2.771941939573354108e-01
2.766381216393944409e-01
2.760828646744304393e-01
2.755289974365938699e-01
2.749766757330094347e-01
2.744260530283121891e-01
2.738781040247367238e-01
2.733291970465656640e-01
2.727786101191951307e-01
2.722268385992849260e-01
2.716717260803968026e-01
2.711176979238282270e-01
2.705590813680134876e-01
2.700035854281267467e-01
2.694482778688899738e-01
2.688893936625267878e-01
2.683361220149851345e-01
2.677877995568508362e-01
2.672391642000008227e-01
2.666948023789812439e-01
2.661494319764028949e-01
2.656031399535099813e-01
2.650525050520312620e-01
2.645051601003272079e-01
2.639586609008385265e-01
2.634125634310355291e-01
2.628618740123461195e-01
2.623131879853050075e-01
2.617652460218117261e-01
2.612168940226349823e-01
2.606694679902421541e-01
2.601202029942819016e-01
2.595693068820973393e-01
2.590163508220635347e-01
2.584697147177855703e-01
2.579220679877757827e-01
2.573723406742468023e-01
2.568229088361388968e-01
2.562734222385238958e-01
2.557217077701582908e-01
2.551701759621547994e-01
2.546209364881009130e-01
2.540729886048990194e-01
2.535242247274700489e-01
2.529767343493378728e-01
2.524272237734718205e-01
2.518778684716351246e-01
2.513302500235572445e-01
2.507872250066557340e-01
2.502409151591994396e-01
2.496951999447074577e-01
2.491513855281742018e-01
2.486140507512225317e-01
2.480775260328497434e-01
2.475434945503120487e-01
2.470108138545884791e-01
2.464858499316947560e-01
2.459636986040873163e-01
2.454454745382456116e-01
2.449233935878675494e-01
2.444016665241136865e-01
2.438753714287787144e-01
2.433528752451933896e-01
2.428352285527541066e-01
2.423247764447005181e-01
2.418189753880527759e-01
2.413131056323581936e-01
2.408070543106935191e-01
2.403014162769321060e-01
2.397891317618443541e-01
2.392746229857151963e-01
2.387580015641727615e-01
2.382425081535612110e-01
2.377320798996671591e-01
2.372196953540869624e-01
2.367095436995062807e-01
2.361980210542193037e-01
2.356851550281465479e-01
2.351747264163191742e-01
2.346648732628457135e-01
2.341542747578675143e-01
2.336394624107548390e-01
2.331258660776218405e-01
2.326138025855722102e-01
2.321082183744475613e-01
2.316016647573405363e-01
2.310953183366342423e-01
2.305888429890579072e-01
2.300861927223135095e-01
2.295857112273907708e-01
2.290805137481339293e-01
2.285802873986414463e-01
2.280780517940973195e-01
2.275793297750344779e-01
2.270826581471737660e-01
2.265892881252215829e-01
2.260979779230830600e-01
2.256036084004237607e-01
2.251124148219249832e-01
2.246230762739560849e-01
2.241372366204766597e-01
2.236551021771006620e-01
2.231752543055738613e-01
2.226961968572029049e-01
2.222273566504985587e-01
2.217606217320057249e-01
2.212937238098113268e-01
2.208292524862108530e-01
2.203591663795425315e-01
2.198855415387483692e-01
2.194192068891872571e-01
2.189517477856201821e-01
2.184886025242645524e-01
2.180269114546294074e-01
2.175668868035455783e-01
2.171125731202618869e-01
2.166572533828335645e-01
2.162015902374319343e-01
2.157415866882112787e-01
2.152815112747705484e-01
2.148222964626064768e-01
2.143632417663165202e-01
2.139055170544889584e-01
2.134436889568175622e-01
2.129794339831364014e-01
2.125124492169532808e-01
2.120493363533113018e-01
2.115905894611609106e-01
2.111389688880880855e-01
2.106896782427199744e-01
2.102442954979801826e-01
2.098012023258960246e-01
2.093601474103714000e-01
2.089161259097066514e-01
2.084721312915830960e-01
2.080301534275353914e-01
2.075893730167327755e-01
2.071484700450101080e-01
2.067126994787168992e-01
2.062755443149659751e-01
2.058454451212359537e-01
2.054174230559838166e-01
2.049911026251148571e-01
2.045688464802361273e-01
2.041442277066489452e-01
2.037221633413778266e-01
2.032990012001977820e-01
2.028797868228244816e-01
2.024640173146549094e-01
2.020476828560772986e-01
2.016249139850096184e-01
2.012006658252800395e-01
2.007777087937397953e-01
2.003528334679527678e-01
1.999289117433378782e-01
1.995063345766000529e-01
1.990848587103958012e-01
1.986603206061518800e-01
1.982386294743594124e-01
1.978109462556121578e-01
1.973919534885255622e-01
1.969692890628671755e-01
1.965554443059962519e-01
1.961405783387022705e-01
1.957251166703048162e-01
1.953098457381702568e-01
1.948958993146097385e-01
1.944825654018342842e-01
1.940732785365319735e-01
1.936648091089662460e-01
1.932561635265371558e-01
1.928481423859714217e-01
1.924382272248056913e-01
1.920271694667707862e-01
1.916197539806897276e-01
1.912103408550006878e-01
1.908082062573708826e-01
1.904058088345799704e-01
1.900061036603586939e-01
1.896115015646340218e-01
1.892168103482944064e-01
1.888263045377441274e-01
1.884310282187587615e-01
1.880323838082097465e-01
1.876313070351234846e-01
1.872296854069958050e-01
1.868269292943261217e-01
1.864294915315576617e-01
1.860320786724360687e-01
1.856346266334429618e-01
1.852366270343370758e-01
1.848386988775670703e-01
1.844418545179290492e-01
1.840467607325223520e-01
1.836510568466435123e-01
1.832545662823822086e-01
1.828592411903662285e-01
1.824588145802584493e-01
1.820576158593450455e-01
1.816569162895666778e-01
1.812617132669636921e-01
1.808704431102356458e-01
1.804719519414431650e-01
1.800797177806791882e-01
1.796915643710020882e-01
1.793050949940575289e-01
1.789211709311688825e-01
1.785388737253326696e-01
1.781592207012940299e-01
1.777829836693981258e-01
1.774045452447501059e-01
1.770225993786884167e-01
1.766422874847353164e-01
1.762587136817881650e-01
1.758776578720541994e-01
1.754952808020214527e-01
1.751160887657171872e-01
1.747352042913463410e-01
1.743585281102386364e-01
1.739805802745880980e-01
1.735981646899139863e-01
1.732110417052631079e-01
1.728265147615211661e-01
1.724469519211586366e-01
1.720690543286016727e-01
1.716893904153415917e-01
1.713114627826991532e-01
1.709326085271793139e-01
1.705500873325039857e-01
1.701715369881335871e-01
1.697906422147046346e-01
1.694104740492324845e-01
1.690323239487283302e-01
1.686594736119631788e-01
1.682845462191121244e-01
1.679063667630154855e-01
1.675298032753720356e-01
1.671583792956053138e-01
1.667888976290162473e-01
1.664203811806009292e-01
1.660523719006718746e-01
1.656855996489215999e-01
1.653182970888543435e-01
1.649532533357807307e-01
1.645890368021378225e-01
1.642196739795454274e-01
1.638498440741990581e-01
1.634839222147044802e-01
1.631126216743291890e-01
1.627459202646479863e-01
1.623788753605813207e-01
1.620166707720427646e-01
1.616557318202224702e-01
1.612920524875276207e-01
1.609302214185478197e-01
1.605667123880183400e-01
1.602019760209693333e-01
1.598356023011416049e-01
1.594690565262546766e-01
1.591002012800229182e-01
1.587317317739395939e-01
1.583684743384758953e-01
1.580009408436905682e-01
1.576373499831011382e-01
1.572714356592558038e-01
1.569061381614900996e-01
1.565346304940129218e-01
1.561591424184444465e-01
1.557828223689651237e-01
1.554114852742328190e-01
1.550381862819857626e-01
1.546647858983031532e-01
1.542919237887477590e-01
1.539248458765752059e-01
1.535592989588941970e-01
1.531867569733887657e-01
1.528148154216801557e-01
1.524438524446998233e-01
1.520717937368420980e-01
1.517014259889914729e-01
1.513283149473081124e-01
1.509586345235874316e-01
1.505917703678093522e-01
1.502162728402398895e-01
1.498435666775755348e-01
1.494714847948431513e-01
1.491042960670186102e-01
1.487379901161234863e-01
1.483718906029738160e-01
1.480057754988541863e-01
1.476376030761492042e-01
1.472708052303910720e-01
1.469022254127033134e-01
1.465306687284744780e-01
1.461588113254551624e-01
1.457872042595178552e-01
1.454183515037298924e-01
1.450472002407597605e-01
1.446781789270190632e-01
1.443127499023800497e-01
1.439469632673793797e-01
1.435782371574203797e-01
1.432090885623467924e-01
1.428360216041207054e-01
1.424637348478368648e-01
1.420915302356792476e-01
1.417189223521949926e-01
1.413445756850596480e-01
1.409709918944708484e-01
1.406006469060761543e-01
1.402306595306032355e-01
1.398583306630721002e-01
1.394753170070539561e-01
1.390882050549027971e-01
1.387085450998067626e-01
1.383242843433815372e-01
1.379380644202937434e-01
1.375500175023625926e-01
1.371626249262608288e-01
1.367778414522057839e-01
1.363917704771560602e-01
1.360069061434089344e-01
1.356186906002377901e-01
1.352361379012343712e-01
1.348536106430981429e-01
1.344671232546698625e-01
1.340783649954748469e-01
1.336907400971243109e-01
1.333034084550674403e-01
1.329092953637074359e-01
1.325153468002056856e-01
1.321195342276258178e-01
1.317212830964144266e-01
1.313227848924826136e-01
1.309332839626706491e-01
1.305443192710022682e-01
1.301523029939392062e-01
1.297562385025897158e-01
1.293595512372464063e-01
1.289641541897648958e-01
1.285705137575116619e-01
1.281724138296429505e-01
1.277696857744784475e-01
1.273657195164020484e-01
1.269585909585058403e-01
1.265537621876552943e-01
1.261475747706653217e-01
1.257410106502741265e-01
1.253359786497991735e-01
1.249381566197959176e-01
1.245445801763995219e-01
1.241425667726904908e-01
1.237363900938002470e-01
1.233306494499877143e-01
1.229264915064226943e-01
1.225276660309835425e-01
1.221270357579808535e-01
1.217218756919305200e-01
1.213166770037984038e-01
1.209102209223355817e-01
1.205053057512083109e-01
1.200919865977131545e-01
1.196764438615445930e-01
1.192615032499212829e-01
1.188454547576536097e-01
1.184252405328124202e-01
1.180070386685372064e-01
1.175896174777371767e-01
1.171717307086831000e-01
1.167528372054870422e-01
1.163302562768853271e-01
1.159095473976234775e-01
1.154848802340188857e-01
1.150624101496892648e-01
1.146453382382299768e-01
1.142292315358874044e-01
1.138127391332175026e-01
1.133972016968493868e-01
1.129862235536814308e-01
1.125730413697312998e-01
1.121583413635002247e-01
1.117422179956905209e-01
1.113227803184255738e-01
1.109080678391609898e-01
1.104957595841204177e-01
1.100830558738411791e-01
1.096617718595575969e-01
1.092409532152947699e-01
1.088177888147176253e-01
1.083938646935333899e-01
1.079657879593377418e-01
1.075368004268658501e-01
1.071099664331316426e-01
1.066794878966181442e-01
1.062474072391355606e-01
1.058136988616956292e-01
1.053752305649005433e-01
1.049354854441411494e-01
1.044986913924882271e-01
1.040585899718527302e-01
1.036231015971630781e-01
1.031885914037302676e-01
1.027505895845552408e-01
1.023168269203606900e-01
1.018795179371848880e-01
1.014412710808178936e-01
1.010025638977915113e-01
1.005608229419123201e-01
1.001155533890178001e-01
9.966882299490524566e-02
9.922383660095594748e-02
9.877896887221339350e-02
9.833422969070215736e-02
9.788929153285699791e-02
9.744406875535091550e-02
9.699746105828278842e-02
9.655300476284951749e-02
9.610268024992291158e-02
9.565589670234186936e-02
9.520748168410533840e-02
9.475407167232867411e-02
9.429636011688521946e-02
9.383700742819864327e-02
9.337133356777381488e-02
9.290799664516728729e-02
9.244608867822920462e-02
9.199149630113652443e-02
9.153608807780735934e-02
9.108434611438523398e-02
9.063576548930406263e-02
9.018153669592113286e-02
8.973759827960070545e-02
8.928811516194329334e-02
8.884301126918937863e-02
8.839876796433407402e-02
8.794536845695005711e-02
8.749046832655654748e-02
8.703810429662170445e-02
8.658366925029437056e-02
8.613027329160348466e-02
8.568093422290048999e-02
8.522467085894216976e-02
8.476833810272819958e-02
8.432051371800731998e-02
8.387019318520425037e-02
8.342422680851203920e-02
8.297248128980204418e-02
8.252375709441885088e-02
8.208109795705270662e-02
8.163745552826350005e-02
8.118953372932144474e-02
8.074865417651895527e-02
8.031195138555903557e-02
7.987406737777437427e-02
7.943833717292753116e-02
7.900528899548049655e-02
7.857479918262048890e-02
7.814685193669285157e-02
7.771228779209589377e-02
7.727996467309543316e-02
7.684509337477581081e-02
7.641697970003050178e-02
7.599143294001914350e-02
7.557048266189636543e-02
7.514713607343787016e-02
7.472243634026329295e-02
7.429618923668393493e-02
7.387131584153718011e-02
7.345361992493533443e-02
7.303785753096532496e-02
7.262094195989743373e-02
7.220382833612616624e-02
7.178876184412977257e-02
7.136764767999584369e-02
7.094760995868089337e-02
7.052049890827313816e-02
7.009502071130696566e-02
6.967167574123750429e-02
6.924823150725506471e-02
6.882690147041529982e-02
6.840475126091659364e-02
6.798518533007925913e-02
6.756943100150633597e-02
6.715124615829758115e-02
6.673295435860464309e-02
6.631309933811609103e-02
6.588769889574955241e-02
6.546108886567102159e-02
6.503914862203252767e-02
6.462102394812857531e-02
6.420534336392401398e-02
6.378955653146692328e-02
6.337219291951697031e-02
6.295573027225935536e-02
6.253924324213964991e-02
6.212150000783463882e-02
6.170609723719756162e-02
6.129375625930764959e-02
6.088238456402827320e-02
6.046972508174058847e-02
6.005967817525905555e-02
5.964996545257823107e-02
5.924293344374823717e-02
5.883355790048642314e-02
5.842703163773690228e-02
5.802081345794144612e-02
5.761424991521063577e-02
5.721111225132569783e-02
5.681273230520735712e-02
5.641428028154172464e-02
5.601449578028987880e-02
5.561372731679924131e-02
5.521286479045683926e-02
5.481394553159526367e-02
5.441802850405566550e-02
5.402421620460175905e-02
5.363114773307525035e-02
5.324569693851925051e-02
5.286253780692524995e-02
5.248034033642343804e-02
5.210540758062542216e-02
5.173083802799250536e-02
5.135938588263807419e-02
5.098394990671299004e-02
5.060807434009768901e-02
5.023319782745695739e-02
4.985941096787296217e-02
4.948039392127711461e-02
4.909520767987360368e-02
4.871132307359282015e-02
4.833387643244218407e-02
4.795626851381001171e-02
4.758653274758794377e-02
4.721615842840975324e-02
4.684394452727337621e-02
4.647056135265664745e-02
4.610161182221676063e-02
4.574137229274532340e-02
4.538470439060464379e-02
4.503103366173910604e-02
4.467862833227930625e-02
4.432559378602796141e-02
4.397274238929937268e-02
4.362491955154579326e-02
4.327236886020689732e-02
4.291782793118105455e-02
4.256525525020998790e-02
4.221676140509175029e-02
4.186956717758334029e-02
4.153070511898934031e-02
4.119065113836657688e-02
4.084884291170752524e-02
4.051530822625924039e-02
4.018394041228604691e-02
3.985487483853715485e-02
3.952993591056298828e-02
3.920755476822077035e-02
3.889023974533900585e-02
3.857315105088257590e-02
3.825450061619638936e-02
3.793141955942330029e-02
3.761365739742476150e-02
3.729619805142032896e-02
3.697907226171065487e-02
3.666277096696051591e-02
3.634705234855556411e-02
3.603654864325430557e-02
3.572976593124060907e-02
3.542612101928694496e-02
3.512293924335149753e-02
3.481970663199263766e-02
3.451564862669033451e-02
3.421438527177449174e-02
3.391899209571372364e-02
3.362252492267531895e-02
3.333125902490356729e-02
3.304125735979523970e-02
3.275263328797099055e-02
3.246672353625108809e-02
3.218805417868635110e-02
3.191190959669078925e-02
3.164190179865631475e-02
3.137293089881910274e-02
3.110493041143464268e-02
3.083375985188875276e-02
3.056593190683577765e-02
3.029828360380614968e-02
3.002831238203298309e-02
2.976244087993561507e-02
2.949901171487903651e-02
2.924064492149899136e-02
2.898531332795796847e-02
2.872802347731356551e-02
2.847137851365493313e-02
2.821582268257744400e-02
2.796082666997888599e-02
2.770660169488064692e-02
2.745356662448698165e-02
2.720136943467602042e-02
2.695424038789954665e-02
2.671039690845427444e-02
2.646843858174477079e-02
2.623364669829946622e-02
2.600089738639590684e-02
2.577305593151188109e-02
2.555046071384279444e-02
2.532326965019522647e-02
2.509663466686441052e-02
2.487260298622044619e-02
2.465074173269198726e-02
2.443170526643664159e-02
2.421452999689012453e-02
2.399874669737638022e-02
2.378325961439909861e-02
2.357568272400229967e-02
2.336322585621633877e-02
2.315145370507673550e-02
2.294049302538800350e-02
2.273003500969922319e-02
2.252240848279050620e-02
2.231712091422345320e-02
2.211123042363916102e-02
2.190808131451782437e-02
2.170223193861497979e-02
2.149767913207151562e-02
2.129604780780233048e-02
2.109165619955288840e-02
2.089030546502973831e-02
2.069476082129068084e-02
2.049999208818579360e-02
2.030745327645057038e-02
2.011629339608806202e-02
1.992805004294122967e-02
1.974194726569157565e-02
1.955497822969896188e-02
1.936972956825307873e-02
1.918248820588197914e-02
1.899864555742862560e-02
1.881450715589460046e-02
1.863280325964118342e-02
1.845410468037949128e-02
1.827971495952529848e-02
1.810769947720217155e-02
1.793656025484368852e-02
1.776808689467026039e-02
1.760541736234165489e-02
1.743782171719408802e-02
1.727136068004986660e-02
1.710101401991965392e-02
1.693207307698145134e-02
1.676647718524457500e-02
1.660256236998416957e-02
1.644018017538004944e-02
1.628023092387694687e-02
1.612319312087449885e-02
1.596920138998211836e-02
1.581433906754483101e-02
1.566207860250681122e-02
1.550873360252436918e-02
1.535747633933256737e-02
1.520894340636818644e-02
1.506200580422971044e-02
1.491879178273956483e-02
1.477580155916777792e-02
1.463522949877887891e-02
1.449666644643570444e-02
1.435929754517779183e-02
1.422338902216742362e-02
1.408333823686437787e-02
1.394417391873481807e-02
1.380833894629260143e-02
1.367357026068480308e-02
1.353690676128755342e-02
1.339992496063085146e-02
1.326235684581105953e-02
1.312646614949521985e-02
1.299171622569015271e-02
1.286022019275164831e-02
1.273061531467431506e-02
1.260411609905179309e-02
1.248001211199111470e-02
1.235550406045239462e-02
1.223350850610992711e-02
1.211080990010395680e-02
1.198658696366024755e-02
1.186462844878347599e-02
1.174332358340850029e-02
1.162218719510821341e-02
1.149869207681672098e-02
1.138102801220799466e-02
1.126197481936364563e-02
1.114425137560537578e-02
1.102821729243626085e-02
1.091198813786580478e-02
1.079754140847409560e-02
1.068342356653817840e-02
1.057123519262638187e-02
1.045887179790483922e-02
1.034736115185821981e-02
1.023652455211876595e-02
1.012197793560213298e-02
1.001145496999941015e-02
9.901945925225141831e-03
9.794635935777598959e-03
9.691787127921959802e-03
9.590818124484165250e-03
9.488758133608629283e-03
9.389096918723910737e-03
9.292549429648492773e-03
9.194898270200644805e-03
9.098108316660025174e-03
9.002834189908749674e-03
8.910426737664572591e-03
8.822242096362771166e-03
8.733778085244099307e-03
8.644620073715841152e-03
8.554923009660824959e-03
8.465923579260242401e-03
8.379145994428736574e-03
8.292158465110582855e-03
8.203169219778580490e-03
8.114118541138777910e-03
8.026351520067977544e-03
7.941535926461336034e-03
7.857536009599526070e-03
7.774932274131281934e-03
7.693986748976264570e-03
7.613588524098077563e-03
7.534662256983493643e-03
7.453909337148533799e-03
7.378757674732300091e-03
7.305067980894127365e-03
7.232623996305248028e-03
7.160529783097163183e-03
7.088955685767102041e-03
7.017219625916142588e-03
6.948249750608775747e-03
6.880266192591487362e-03
6.815604856215037519e-03
6.751975176689853191e-03
6.689014578637231083e-03
6.627634612548552115e-03
6.566350106527813792e-03
6.505895972921164026e-03
6.446055798871864508e-03
6.385696324178267297e-03
6.325219204200900093e-03
6.265495835685372730e-03
6.205469983151587834e-03
6.144832226324561768e-03
6.084744928939935828e-03
6.025882932282013507e-03
5.964793581211996418e-03
5.903629051181293226e-03
5.843363693740796436e-03
5.782975968302070564e-03
5.720652653819289189e-03
5.660114491464326644e-03
5.598803095276525671e-03
5.537977051541754722e-03
5.476106674742488994e-03
5.415743666658799985e-03
5.356418129870269863e-03
5.296297337622437110e-03
5.235302301228600061e-03
5.174743517808433162e-03
5.115865513923308246e-03
5.060234473516328838e-03
5.006718848409454081e-03
4.953349078839567807e-03
4.901787538392832384e-03
4.848388870234640775e-03
4.797883034657002277e-03
4.746022605106881183e-03
4.692832317066374971e-03
4.640399119121372401e-03
4.589979792604622667e-03
4.541278717762566551e-03
4.491075817106312922e-03
4.441323865096116763e-03
4.392912997187156318e-03
4.345358064063855469e-03
4.294888412707440449e-03
4.244847442874279293e-03
4.197978424736101971e-03
4.150937079924731272e-03
4.103844606769845894e-03
4.056567210519193729e-03
4.010821608262359235e-03
3.964819228091833250e-03
3.919862306496211743e-03
3.876319615618812470e-03
3.833624276422482446e-03
3.791146641058814552e-03
3.747732317459063957e-03
3.704772136237304697e-03
3.663554366250209703e-03
3.623613694032672833e-03
3.585660958933565862e-03
3.545125733862311296e-03
3.506085007949653453e-03
3.466383490970203693e-03
3.429049236781616869e-03
3.392146852210835284e-03
3.356442445058890195e-03
3.322922167368718132e-03
3.288043166335417704e-03
3.251958003397526723e-03
3.217571963928691440e-03
3.186480994253362582e-03
3.156126765712953097e-03
3.125792524992161790e-03
3.095400118252623727e-03
3.065434930089821694e-03
3.037475378016268879e-03
3.009485381938760678e-03
2.979970812990895279e-03
2.949713395307088353e-03
2.920351713781545438e-03
2.889223076451570560e-03
2.857403398363469061e-03
2.825605405205300000e-03
2.793611338588020999e-03
2.760964484136163317e-03
2.727858777725650479e-03
2.695760898810077751e-03
2.664718468383382374e-03
2.633686131106417055e-03
2.603172102899415936e-03
2.572299861134602541e-03
2.541876654698618006e-03
2.511861802541203847e-03
2.481740563956984485e-03
2.451931636834028729e-03
2.422941942599260868e-03
2.393009248626633799e-03
2.364545051785815668e-03
2.336547967369091965e-03
2.311864531106363162e-03
2.285942013983322321e-03
2.266430176677958989e-03
2.250894301426268305e-03
2.235806177732271513e-03
2.220545646873101943e-03
2.203475246910563921e-03
2.186775439115188398e-03
2.168829135414160943e-03
2.149540703377615831e-03
2.131609101612753389e-03
2.114746510731913606e-03
2.099635771262293917e-03
2.084534182132321677e-03
2.071044099298101609e-03
2.056008662198838093e-03
2.039623737947961375e-03
2.023895197648858165e-03
2.009890562595300061e-03
1.996359502477315466e-03
1.981845152802150581e-03
1.968410267466966842e-03
1.956079712756403268e-03
1.944121433408239679e-03
1.933610992665101913e-03
1.922809428746121005e-03
1.911918000232320320e-03
1.901321979244706894e-03
1.891040212459100525e-03
1.882775326444672886e-03
1.874739031418444935e-03
1.866774225067149027e-03
1.856912673271398761e-03
1.847226458992968189e-03
1.837879338923102202e-03
1.827142982667205985e-03
1.815223130892318175e-03
1.804128725373992104e-03
1.794067064649463184e-03
1.784190888409877516e-03
1.771963517808060849e-03
1.760270443101765760e-03
1.749183946229973790e-03
1.737981439698042070e-03
1.727202038321308747e-03
1.715391979783779637e-03
1.703514996201450481e-03
1.691793790598698300e-03
1.680954833783498536e-03
1.670498984388941750e-03
1.660343571710464448e-03
1.649781727670534409e-03
1.640518317056048397e-03
1.630973929359026339e-03
1.620931629674110964e-03
1.610707660839661923e-03
1.601500722608002573e-03
1.593233209142584216e-03
1.584540890155164807e-03
1.575373929320757422e-03
1.566105992046201625e-03
1.555676415467511717e-03
1.544784412141774702e-03
1.534550567043313106e-03
1.523812138973468840e-03
1.513881275520868397e-03
1.503729240314985232e-03
1.493450516843837159e-03
1.483435738356984456e-03
1.472341329937744718e-03
1.460489026779263197e-03
1.447833626593636501e-03
1.436008124421713069e-03
1.425033618235614207e-03
1.413573631979516462e-03
1.402854782353706595e-03
1.392754118971657566e-03
1.382379687063760906e-03
1.372336000798500630e-03
1.362952085573765045e-03
1.355382251479597374e-03
1.348628585674228886e-03
1.341268109004277887e-03
1.333283078568647025e-03
1.327042169700548817e-03
1.322343631153942824e-03
1.316295820024742432e-03
1.310013211302369762e-03
1.303517723896938183e-03
1.295508611700976450e-03
1.286202408998599056e-03
1.276256704662040442e-03
1.265990592129893769e-03
1.257252856919803281e-03
1.249432467905381081e-03
1.240145211539455230e-03
1.231632247165673211e-03
1.222346512723847343e-03
1.213436938177184623e-03
1.205171026612829235e-03
1.198216138460347566e-03
1.191408153689163096e-03
1.186103832148170667e-03
1.180100312468362065e-03
1.172196103681290465e-03
1.164589662717321070e-03
1.156699197805723589e-03
1.149763646550669817e-03
1.142527552897898424e-03
1.134849390076562254e-03
1.126385390084049844e-03
1.118040506278967366e-03
1.108095149318238460e-03
1.099133652744587082e-03
1.091091828575688942e-03
1.083062005891323974e-03
1.074830648789762292e-03
1.066922488399848004e-03
1.058067851075102312e-03
