2.112210099950819764e-01
2.087161258194797364e-01
2.088652941085709092e-01
2.122539389993265413e-01
2.049760648592062751e-01
2.102429750668924902e-01
2.019859936006302981e-01
2.186761382941203591e-01
2.115502024857325303e-01
2.177938147622393572e-01
2.121897931296405915e-01
2.111862368869995565e-01
2.145565165327467660e-01
2.105683823104802510e-01
2.144608450991748461e-01
2.115230785719750539e-01
2.057783612958271613e-01
2.104320425192993671e-01
2.135517146951240175e-01
2.087860621683670370e-01
2.135429674753814844e-01
2.119331381704091521e-01
2.100628107434669989e-01
2.149885824971853321e-01
2.165741774304046352e-01
2.109858337065988465e-01
2.104363484033464626e-01
2.067167206672660962e-01
2.160240522103996641e-01
2.090261156142447785e-01
2.125102728054312218e-01
2.160643536761429617e-01
2.056096518138049722e-01
2.048185740534701482e-01
2.049968829021660000e-01
2.079898979310280671e-01
2.138179096957808500e-01
2.191027088629370345e-01
2.141859174970023316e-01
2.122835696621471202e-01
2.051353993787784491e-01
2.117527889813533015e-01
2.094323227656329500e-01
2.105509918644949963e-01
2.095989813812231262e-01
2.153270766395568581e-01
2.107470956653612060e-01
2.138821472200094220e-01
2.088665684374567677e-01
2.012073961761060570e-01
2.046265042383792476e-01
2.173778646406243631e-01
2.089571042601047202e-01
2.064245760377577676e-01
2.166500298182603146e-01
2.100660150463422582e-01
2.080296381880302192e-01
2.029590757906839515e-01
2.013833517775389659e-01
2.038707985315698634e-01
2.113532883601373369e-01
2.140491913527864387e-01
2.113960969580044313e-01
2.142120328181892353e-01
2.125780176102344265e-01
2.015884128887982518e-01
2.053034695012806443e-01
2.147142413956080187e-01
2.128842729080027141e-01
2.123447756312142332e-01
2.041924997314235046e-01
2.107860457068820859e-01
2.060807592503721697e-01
2.064037859165780420e-01
2.058844793187621924e-01
2.120850224813033424e-01
2.083156255494695852e-01
2.120885933413004798e-01
2.058739453015460130e-01
2.050643617302286836e-01
2.090403258224875493e-01
2.155290933066984493e-01
2.149922557472649931e-01
1.982392639122728673e-01
2.069778302067243336e-01
2.127465303311986133e-01
2.082710901309274831e-01
2.121202759259958048e-01
2.040423557571193758e-01
2.087184090181058993e-01
2.082177464632947173e-01
2.039541798936895800e-01
2.069565188791765431e-01
2.022172303504048418e-01
2.121786848966840111e-01
2.080661948633181213e-01
1.960659089011269618e-01
2.072925696337591939e-01
2.170691426702331395e-01
2.037386106050413925e-01
2.063565500440111000e-01
2.162771187383084603e-01
2.017568968153903297e-01
2.046583706211110298e-01
2.006509080315137528e-01
2.082449863675314150e-01
2.114606231188745911e-01
2.110857809548086772e-01
2.094494868808081112e-01
2.096712895257352161e-01
2.027911118833761739e-01
2.068730745993122566e-01
1.990693605481966832e-01
2.080697893521514796e-01
2.084666874070139064e-01
2.103928152866707535e-01
2.024520415735056034e-01
2.026528584642570685e-01
2.056880368510186630e-01
2.121265545256963980e-01
2.046836319868221565e-01
2.020614428516571692e-01
2.134973527611874200e-01
2.051496468312987709e-01
2.008165342197000269e-01
2.044220446744260400e-01
2.049187807623357171e-01
2.037876503360454006e-01
1.994754635744442339e-01
2.020757292704928876e-01
2.048981658330533140e-01
2.066639917900248147e-01
2.076724232967435135e-01
2.059215326723721207e-01
2.005032031665213710e-01
1.950051762245714748e-01
2.036360410535851262e-01
2.090950245910319083e-01
2.038668356440871410e-01
2.001021363466166658e-01
2.000219427246200388e-01
2.037334571001990779e-01
2.026090330342495971e-01
2.012897088082836738e-01
2.046373048277585482e-01
2.054753418195518488e-01
2.055915582121753404e-01
2.057670380702565360e-01
2.050948304049188264e-01
1.952117327148422676e-01
2.019117474210695429e-01
2.121113194939810986e-01
1.996527225216229162e-01
2.001039382590814597e-01
2.089107919949914072e-01
2.170266104802817120e-01
1.972240549043901003e-01
2.057073272030316424e-01
2.019055338225138607e-01
2.119539215177191904e-01
1.988696174484776424e-01
1.977225588843894988e-01
1.996427224226667851e-01
1.954158494650819478e-01
1.959842721520490549e-01
2.015154786128053876e-01
1.967810415060459173e-01
2.061999822913895830e-01
1.973349060191198490e-01
2.118401930364754993e-01
1.971256241680572341e-01
2.003722228621866996e-01
2.027699836525514998e-01
1.967175173834714297e-01
2.038238883174341431e-01
1.917683603971510609e-01
2.046651674682945510e-01
1.910408664410815360e-01
1.984846744719874767e-01
2.048133431732288567e-01
2.060597060291696758e-01
2.018655450435001830e-01
1.985543641461764430e-01
2.045998156524500011e-01
2.019474055244188104e-01
1.985463928491739694e-01
2.093343583581501743e-01
1.927539701355547308e-01
1.942376002034662541e-01
1.958848977884142251e-01
2.093473295358126984e-01
2.045024052256048108e-01
2.038707985315698634e-01
2.032399473235153575e-01
2.016988381269453345e-01
2.041530689169965829e-01
1.972224177376027399e-01
2.022971237368855757e-01
1.958501725435539687e-01
1.975008867055331185e-01
2.065753528719889154e-01
1.988580701123449090e-01
2.027033691657159631e-01
1.968508606924155302e-01
2.030092360493273018e-01
1.959212108069107172e-01
1.991899671153246620e-01
2.063738729639483793e-01
1.953927067675744755e-01
2.068975949560813987e-01
1.952545144203331473e-01
2.005233224700310180e-01
2.050114236997363504e-01
1.909959491805954812e-01
1.922329533460702677e-01
2.032509964881414888e-01
1.927685987179998950e-01
1.974596462193440871e-01
1.960627753013319818e-01
2.032699423353599988e-01
1.974838284693613000e-01
1.993400181779875213e-01
2.034399749454437467e-01
1.943158455594494738e-01
2.071838949631672477e-01
1.941519799912726496e-01
2.032966896302839110e-01
1.953771446267724698e-01
1.839793328895803493e-01
1.976515650508843258e-01
2.009708068768207845e-01
2.040259976355394134e-01
1.992581325116861146e-01
1.937666845244422342e-01
2.004144934863832939e-01
1.927969475718324111e-01
1.906188253081952944e-01
1.995596572842247562e-01
2.094382603147413313e-01
1.996067524805870130e-01
1.996350108059142814e-01
2.004208756979690698e-01
1.994855763852956265e-01
1.992477266575461980e-01
1.983238192864689164e-01
1.939181327940431299e-01
1.994781725891849877e-01
2.060501185182873618e-01
2.000889756568308142e-01
2.080831799068033616e-01
1.955277168159508250e-01
2.010557272530382189e-01
1.914914064918891157e-01
1.984753331361459594e-01
1.914755078324178461e-01
1.983114796239698885e-01
2.011957175013106003e-01
1.952392219315151056e-01
1.893299400870626092e-01
1.920715731788362746e-01
1.912542276437242394e-01
1.960858950985124860e-01
1.979173147360668850e-01
1.884522811317402846e-01
1.876261065494174707e-01
1.913131684865945203e-01
1.960803727983626565e-01
1.899061344914096949e-01
2.009745808476017803e-01
1.926417504916623225e-01
1.960973903389482409e-01
1.854700101899138254e-01
1.942436969375045397e-01
1.958288608358391691e-01
1.933765935922839851e-01
1.916108151753636024e-01
1.888765413482977884e-01
1.937600839415534182e-01
1.871427900518241039e-01
1.997337406459400722e-01
1.901026516968140623e-01
2.004287719607572571e-01
1.908223868481838670e-01
1.927508142516867196e-01
1.895906927324274571e-01
1.933023887728799739e-01
1.953924557675295048e-01
1.953014007406141950e-01
1.881258515881366611e-01
1.930451591838902026e-01
1.939061842094785826e-01
1.834288991707655470e-01
1.945110283770025150e-01
1.935187798424963246e-01
1.924853466725950923e-01
1.949810360588812852e-01
1.935603639811400711e-01
1.937630543658149795e-01
1.973538132966821124e-01
1.881697904053136750e-01
1.941393086912366339e-01
1.985673944101075117e-01
1.952695725927944270e-01
1.952211144676542220e-01
1.843187466603756208e-01
1.860735587142819947e-01
1.956551158033635884e-01
1.995663151650897138e-01
1.851655297898511243e-01
1.996247831219410962e-01
1.796732953378827879e-01
1.840070574751586641e-01
1.940780933889670878e-01
1.912618292728274216e-01
1.881123129275202865e-01
1.904990691998111885e-01
1.942162169006937944e-01
1.898662830926575174e-01
1.904499945772868408e-01
1.896159873518131755e-01
1.963833807168472445e-01
1.870934380970036282e-01
1.860779268040554379e-01
2.014873544065149957e-01
1.752834973610486458e-01
1.793550908939782751e-01
1.907091752745784241e-01
1.866070080209103477e-01
1.949124461379335704e-01
1.906674351532084977e-01
1.849562210493054248e-01
1.875118490238143476e-01
1.914314150771450063e-01
1.804678194070197250e-01
1.896565566366923417e-01
1.873308080230969841e-01
1.801809009105752590e-01
1.954022858386770256e-01
1.902955709374833937e-01
1.888997019029796665e-01
2.012417753862429937e-01
1.895289142546130456e-01
1.879302441105955568e-01
1.916824000277878026e-01
1.840726498995106653e-01
1.832314176874920708e-01
1.824575239412444816e-01
1.936114372994655053e-01
1.890454951939237738e-01
1.802588517523631140e-01
1.925390482307417495e-01
1.847668383464962094e-01
1.943698160338370728e-01
1.886739763657103719e-01
1.822268124633743547e-01
1.868623626696613860e-01
1.913680608290394547e-01
1.888467863142405667e-01
1.851499064958721519e-01
1.904992238369060953e-01
1.922321017138415300e-01
1.890991575525619028e-01
1.852464199116647947e-01
1.840042326687026941e-01
1.854476968787527325e-01
1.854896877912779463e-01
1.927648182374989139e-01
1.789380356189467225e-01
1.933940716000784876e-01
1.822704858818740004e-01
1.854905453852532249e-01
1.921402174200691482e-01
1.899052689781434156e-01
1.854257334048589057e-01
1.912638944198494784e-01
2.007743940586813602e-01
1.854364285292526837e-01
1.860315427242902331e-01
1.921151130708282917e-01
1.794428456071714972e-01
1.912542276437242394e-01
1.904016922390022737e-01
1.824256823854270015e-01
1.906456036854405900e-01
1.779101257577677675e-01
1.867319862083942628e-01
1.902326252026566022e-01
1.946430631630935437e-01
1.839842100880579867e-01
1.931413539462879525e-01
1.829557082361308318e-01
1.871762156470131444e-01
1.866991705302752935e-01
1.858530584481898895e-01
1.887269784492427993e-01
1.885130179635197134e-01
1.822083166860399839e-01
1.846644817574898401e-01
1.870652671167838399e-01
1.884818432966837154e-01
1.848628576253614764e-01
1.763696330096863329e-01
1.733061445733884431e-01
1.794563798660600007e-01
1.844963898346592135e-01
1.828987215000839051e-01
1.859648172973618063e-01
1.922845259063903356e-01
1.950014229871035454e-01
1.883324453261572273e-01
1.848770265275505587e-01
1.873321404238925680e-01
1.860094566654266757e-01
1.839506059870903432e-01
1.966923748626792090e-01
1.918624709688470098e-01
1.883971130537620553e-01
1.831026844490768468e-01
1.873681471904449225e-01
1.822031325221529219e-01
1.769039787333913649e-01
1.865960394943548817e-01
1.885631638414683175e-01
1.772776429876499193e-01
1.865112441192261494e-01
1.827328147953359849e-01
1.742220201033065630e-01
1.795535808963353297e-01
1.799997429359775358e-01
1.811503517051555878e-01
1.850431263181141484e-01
1.851126776040481481e-01
1.837160912875192009e-01
1.906578356245151040e-01
1.850823790176351347e-01
1.720524948541346522e-01
1.858207823723284635e-01
1.802571681952862548e-01
1.860661348630263667e-01
1.792698490284426738e-01
1.670320588281448693e-01
1.897512604533428959e-01
1.787189598106372346e-01
1.821310750386017085e-01
1.813677266269350108e-01
1.939461767623940069e-01
1.806762030527131468e-01
1.933298573152609778e-01
1.817321136264562487e-01
1.804643677793424938e-01
1.824361015072436532e-01
1.828544192409038427e-01
1.803319910966849626e-01
1.861660362530079826e-01
1.861504338974712125e-01
1.814027681588340490e-01
1.781276635382735840e-01
1.768331031120602415e-01
1.736123370873671190e-01
1.840746211867871907e-01
1.874294047966358345e-01
1.787579353708391716e-01
1.865338940433755033e-01
1.784373624544495218e-01
1.794560354972467575e-01
1.771874418059791179e-01
1.929442887162058362e-01
1.823895562612790622e-01
1.771120607930189994e-01
1.858866093627205007e-01
1.805840087345420564e-01
1.776959811789005084e-01
1.816577640444788644e-01
1.839476466490264084e-01
1.815746476814847910e-01
1.785519089068834386e-01
1.740122319268065931e-01
1.710919735092139016e-01
1.786569057902657187e-01
1.821206990918513569e-01
1.707818764791095845e-01
1.822437771687583918e-01
1.843349585594691309e-01
1.816189613911179945e-01
1.816810537693638317e-01
1.816068850091787645e-01
1.817604662052949571e-01
1.864326775670072101e-01
1.705415653889328365e-01
1.755102262440547678e-01
1.769062287697684699e-01
1.774364044857978939e-01
1.840784849691358138e-01
1.778550250684095557e-01
1.772403455244611070e-01
1.841349805876082435e-01
1.734993961592738998e-01
1.802207298927451795e-01
1.741374476047859998e-01
1.772256947522610204e-01
1.668873816717917347e-01
1.724594562942931564e-01
1.787711772322035930e-01
1.814866490178395075e-01
1.788890937770604150e-01
1.813131060227675118e-01
1.771423200286093014e-01
1.878640983039217005e-01
1.786097380377218435e-01
1.729189781612621157e-01
1.761366097618852766e-01
1.741453998610026366e-01
1.830933520483322141e-01
1.845397051812399658e-01
1.836296841123901125e-01
1.763563673091494977e-01
1.814439287073981166e-01
1.655773943353836541e-01
1.699201879050382669e-01
1.818714223409023667e-01
1.814539278524635035e-01
1.663163423971127930e-01
1.772208828552434001e-01
1.757961418073341608e-01
1.784978486842888623e-01
1.716620694652966073e-01
1.776395503399530451e-01
1.707494650004949266e-01
1.785691098595509896e-01
1.781223212686235957e-01
1.740490257491660309e-01
1.792869555907499191e-01
1.781812267686335716e-01
1.705949592768845058e-01
1.774957871115344643e-01
1.794511921226951134e-01
1.822846825215456157e-01
1.747242034010235701e-01
1.714915501882618987e-01
1.896037717587898408e-01
1.719852175739449152e-01
1.763123017911232271e-01
1.832507243632788274e-01
1.768220796712435261e-01
1.861469419471417641e-01
1.837034620906158322e-01
1.714058936029356772e-01
1.738358105832660261e-01
1.671699171139184870e-01
1.719120731346818198e-01
1.748152693370723654e-01
1.731527032867767879e-01
1.724059108354691894e-01
1.691035736330944728e-01
1.691587584566764946e-01
1.756389068532647757e-01
1.780244674190416543e-01
1.708245351208041996e-01
1.734088714581205615e-01
1.735839131611303099e-01
1.715802830236180521e-01
1.770897852998587485e-01
1.737365148333236409e-01
1.739084411961582255e-01
1.766310827977390918e-01
1.782496349685792625e-01
1.602700352486231550e-01
1.649117323948017244e-01
1.776174786120209292e-01
1.789220833295094293e-01
1.742612403792147546e-01
1.729293504860039965e-01
1.730035463063711587e-01
1.749512408224762616e-01
1.766613216550128040e-01
1.678522334800148785e-01
1.724982469298431687e-01
1.760705887424917071e-01
1.677685283348417933e-01
1.684483520869367590e-01
1.742081327485298647e-01
1.681395329709822750e-01
1.712455445261538145e-01
1.697362674003047855e-01
1.695843252845444793e-01
1.749182113029508212e-01
1.775234825477440825e-01
1.745374886178162610e-01
1.722474054192872917e-01
1.721298375541253645e-01
1.733071081140681313e-01
1.786512888680091837e-01
1.583068897945132392e-01
1.683492700100162054e-01
1.737780824193404516e-01
1.623780746888876525e-01
1.768715580425106459e-01
1.731368161541386730e-01
1.701321070684471692e-01
1.612813298751163416e-01
1.716740457398951980e-01
1.715405255716972999e-01
1.726627479317456304e-01
1.705317201703904217e-01
1.613063735931152820e-01
1.687477124259155747e-01
1.611311894817366586e-01
1.714999735393116786e-01
1.647391256701802309e-01
1.712241435762540398e-01
1.722093974054128562e-01
1.720379400250799939e-01
1.781903102139632544e-01
1.683231078960945037e-01
1.689988407920536284e-01
1.780783367717295729e-01
1.636263969569287102e-01
1.727766865447228906e-01
1.749301769571582899e-01
1.784062775962884650e-01
1.641879224503921542e-01
1.818879301449572994e-01
1.756307980024081061e-01
1.656602530966089226e-01
1.657343971667279980e-01
1.776134678051877192e-01
1.634565642360410465e-01
1.715695670024445230e-01
1.655109532715383081e-01
1.624051494082577873e-01
1.789215931773986412e-01
1.685349304561271078e-01
1.620952456641783224e-01
1.627436981315931730e-01
1.606947195656222016e-01
1.682790090847570141e-01
1.663925396375265375e-01
1.621217233221630138e-01
1.660204821696269484e-01
1.734239324124025039e-01
1.681167509162986295e-01
1.683128257636667957e-01
1.657511915787062140e-01
1.626455091651005658e-01
1.623854820954335754e-01
1.657569633252481411e-01
1.588551532670222644e-01
1.610959407821960232e-01
1.642156515809122252e-01
1.633854789589086476e-01
1.622044688408788016e-01
1.633959438518680640e-01
1.673324582358886037e-01
1.643337592303153460e-01
1.664770765058907198e-01
1.745431207407026619e-01
1.668222573379651852e-01
1.661382463566583034e-01
1.648430340441979780e-01
1.676438502338737369e-01
1.651613421410710325e-01
1.615201156895973433e-01
1.694741381279754044e-01
1.649197289463351090e-01
1.816060274152031528e-01
1.658065784411386634e-01
1.762159706879939947e-01
1.659515046912014569e-01
1.646552131557089682e-01
1.733147395354110998e-01
1.638735948432845646e-01
1.650754188128824573e-01
1.845878489890382390e-01
1.648545151868946457e-01
1.578206379678602778e-01
1.690561092922141517e-01
1.548366166239700803e-01
1.629398544494078394e-01
1.648073253684261275e-01
1.686582043135840259e-01
1.718817181819056739e-01
1.639760028038180772e-01
1.558959159400494787e-01
1.724458172873569728e-01
1.564422498381210502e-01
1.650642511531266177e-01
1.610580286142554440e-01
1.622593401534562219e-01
1.650059957519395271e-01
1.634702306723334608e-01
1.619372562564258544e-01
1.643738115592401350e-01
1.644945318468349349e-01
1.676468052954861454e-01
1.645777178927643192e-01
1.674313953393213872e-01
1.651338925249050682e-01
1.681270447555174297e-01
1.621277835901968611e-01
1.620848052165193565e-01
1.645178216423138773e-01
1.701310292220037379e-01
1.595760079993728819e-01
1.680240139996630466e-01
1.616282756849513058e-01
1.695579073837636397e-01
1.692589240646173998e-01
1.620825033766595258e-01
1.651251542049624321e-01
1.640884749041965351e-01
1.608213248205694335e-01
1.613262248003195509e-01
1.634682219535886771e-01
1.629971751526038126e-01
1.645934669085303836e-01
1.623121047198755607e-01
1.683587228712473127e-01
1.613653762097557731e-01
1.687849803581216168e-01
1.600439565211465576e-01
1.634726359663984940e-01
1.619585183687549668e-01
1.628243891395902976e-01
1.673844239468376127e-01
1.673756893640530041e-01
1.606410006577698724e-01
1.619276586384078565e-01
1.571613831320327614e-01
1.703173963500015375e-01
1.620875865808657501e-01
1.586556108527106268e-01
1.630772950715513314e-01
1.660369088417398276e-01
1.510746660872752667e-01
1.620974950093678757e-01
1.658546718781706009e-01
1.642147332425707429e-01
1.620374232221497568e-01
1.678166403705776411e-01
1.620846791203512938e-01
1.572509961226071784e-01
1.622926937777600109e-01
1.556722758806702300e-01
1.587773540710407660e-01
1.546716105658809681e-01
1.649803620545515770e-01
1.522687041179251466e-01
1.577697337292388591e-01
1.662384368785994049e-01
1.645950177827595340e-01
1.613941840138877204e-01
1.593066568362317970e-01
1.527336878424389033e-01
1.561201899472024479e-01
1.583312058050978521e-01
1.666600566488873891e-01
1.612531370650575058e-01
1.587986318793169760e-01
1.598808223752639091e-01
1.535669328482780482e-01
1.528636753545946636e-01
1.523958655190765787e-01
1.609815197613602145e-01
1.658268447879382990e-01
1.534997517863778693e-01
1.559282749723100991e-01
1.566772190668798137e-01
1.564263897569856399e-01
1.682493882568216748e-01
1.670967652729598019e-01
1.592146182163847179e-01
1.581882367842097903e-01
1.582893821018174219e-01
1.582112441021094051e-01
1.562647468548510332e-01
1.545026197710854809e-01
1.618565437000982765e-01
1.575848966226673920e-01
1.570038570323308846e-01
1.537594533862500779e-01
1.624990269889770023e-01
1.633101110767768427e-01
1.515418502319485494e-01
1.564237113321422790e-01
1.638079924176885083e-01
1.613572120170214674e-01
1.591492157879014213e-01
1.508889583826228398e-01
1.626854440528916479e-01
1.552466604659887839e-01
1.491436111854806956e-01
1.560058562772603796e-01
1.609425117847784747e-01
1.542836745347384575e-01
1.572841908967252955e-01
1.557761467879225092e-01
1.498009180411437047e-01
1.535853811856666695e-01
1.562864666366563515e-01
1.505955271558658826e-01
1.639535842299069124e-01
1.589515072279482633e-01
1.571962335003643796e-01
1.552572068710574849e-01
1.559526200839467247e-01
1.512216019732298689e-01
1.625439418967059568e-01
1.674994585096447608e-01
1.517251719683032629e-01
1.521262652104375945e-01
1.616157884737189354e-01
1.506068807309082214e-01
1.574834413425758584e-01
1.628151586639897674e-01
1.567147653471874236e-01
1.575503675182730046e-01
1.503271588988089880e-01
1.557855177259197532e-01
1.508239155710315860e-01
1.550596667392578620e-01
1.542332901669798417e-01
1.473409510259230393e-01
1.558256151183086136e-01
1.536323750170103253e-01
1.590727641580482743e-01
1.545491704481818385e-01
1.538295145843331380e-01
1.626858033350393473e-01
1.585726434083838399e-01
1.619617949196847650e-01
1.576369972280329268e-01
1.525050791603397293e-01
1.502241902615948366e-01
1.554150987322482358e-01
1.566734009613546252e-01
1.561243160073244596e-01
1.598644144653207366e-01
1.567107044589094444e-01
1.543975384806496320e-01
1.450683019012334318e-01
1.544728469151508410e-01
1.559697998655583673e-01
1.523483495352861983e-01
1.597579537481619294e-01
1.538887949594393012e-01
1.443837217516781291e-01
1.546314208746326635e-01
1.589450153310538738e-01
1.621991603937081861e-01
1.517119410808802638e-01
1.554644634730271147e-01
1.527846921797215707e-01
1.452702410101254227e-01
1.565730804570875101e-01
1.568762545128827846e-01
1.473121637398496775e-01
1.480814174332447664e-01
1.497984562791643270e-01
1.546486778811968499e-01
1.561109107242153460e-01
1.541734139450566810e-01
1.664255712109412588e-01
1.481213952556763580e-01
1.528382824543510488e-01
1.586279981330525057e-01
1.496854967407941217e-01
1.531139515578892052e-01
1.520695847055036909e-01
1.471240533048041588e-01
1.621996652820890672e-01
1.535001402474046595e-01
1.577762426992478373e-01
1.484176891199100456e-01
1.656508875839569628e-01
1.522612753250687234e-01
1.597817257347976527e-01
1.489356436332733846e-01
1.503508372186760367e-01
1.484255218811035837e-01
1.500186962357332732e-01
1.492430250179814788e-01
1.382394680731325876e-01
1.508160527080251168e-01
1.516254249396939979e-01
1.534113443438565039e-01
1.580877104081694906e-01
1.558316990253053591e-01
1.502908185840440281e-01
1.538670936762330799e-01
1.455163366385883172e-01
1.546971538944689195e-01
1.533531938489760549e-01
1.536321245195155782e-01
1.435069604589591652e-01
1.597827121613385470e-01
1.560517728856468667e-01
1.529018210021756419e-01
1.519960735780574446e-01
1.566208191172768771e-01
1.547524528704746771e-01
1.445130705602040155e-01
1.492442296876563823e-01
1.524039412357486301e-01
1.488700159444671378e-01
1.469547570189790875e-01
1.431111582431165985e-01
1.501406698049879695e-01
1.548866306355349831e-01
1.403000607597546523e-01
1.529417557129022498e-01
1.478406133868591654e-01
1.507408822003126758e-01
1.477699682122175506e-01
1.609479693421470570e-01
1.412827345499518827e-01
1.506132562730688740e-01
1.452629072936090227e-01
1.497569297292642432e-01
1.546022043570117743e-01
1.430045492738858393e-01
1.506279242890831149e-01
1.554670379353284559e-01
1.501956570273232927e-01
1.523393195240517750e-01
1.517259497369103372e-01
1.440141500353776527e-01
1.574748233830149946e-01
1.455354618086278640e-01
1.522156531897940202e-01
1.468454824282213744e-01
1.415609989081263453e-01
1.523202366269760244e-01
1.573133786026151837e-01
1.439779525947885164e-01
1.519424914350808731e-01
1.444033098640671309e-01
1.583504492419935961e-01
1.476002565003687872e-01
1.469065057001180952e-01
1.476369448360446146e-01
1.485279172932113534e-01
1.438295958276366582e-01
1.399414360864869034e-01
1.439654213784287151e-01
1.428554381603880374e-01
1.490708037989740831e-01
1.510922312932023726e-01
1.514244528106386545e-01
1.421308547906566799e-01
1.490901995670770308e-01
1.444986319383296802e-01
1.491022585460759498e-01
1.498774450665734115e-01
1.494891286837785049e-01
1.463211222104168208e-01
1.423438653748654303e-01
1.518663081124481673e-01
1.496912248918864652e-01
1.447774423989341974e-01
1.444750015435992685e-01
1.402119838819686493e-01
1.506500742979889340e-01
1.383996494459313054e-01
1.508491236351560127e-01
1.485484798085434655e-01
1.415123026438328546e-01
1.417421818693440638e-01
1.412483277692702099e-01
1.484945995632140914e-01
1.367119099502021040e-01
1.490939039874318306e-01
1.479234990850160081e-01
1.451251372729829292e-01
1.471287892331013536e-01
1.444519975777710519e-01
1.454864613283417540e-01
1.461251264217162671e-01
1.453757119796292852e-01
1.499061291359741199e-01
1.440732657929759686e-01
1.473275280051287162e-01
1.480428430034315124e-01
1.415853930680437411e-01
1.491564330376899949e-01
1.458134080827916401e-01
1.456126863670388349e-01
1.433739230923856134e-01
1.496931313449558765e-01
1.488514176445407955e-01
1.503562199715511305e-01
1.484608779499394515e-01
1.446008672101701809e-01
1.520680555630343767e-01
1.432216604542174698e-01
1.464783498478499091e-01
1.427089597862298831e-01
1.432096098192332523e-01
1.418163053826353437e-01
1.485113347060732503e-01
1.409241781844777774e-01
1.376988775108703988e-01
1.365984019725575704e-01
1.527055724150119254e-01
1.410278468506445115e-01
1.365486083610143453e-01
1.438473266798967476e-01
1.488857734928844545e-01
1.494581998219419727e-01
1.425149274065985461e-01
1.478952326115450244e-01
1.432155979572560245e-01
1.473032602307005057e-01
1.411916195037078436e-01
1.447657956660325373e-01
1.432754089749308513e-01
1.434705840893151230e-01
1.321252976958824377e-01
1.374295418521466194e-01
1.382594825623399970e-01
1.480674057124383713e-01
1.444847413561780591e-01
1.392123171822302607e-01
1.532052880127273697e-01
1.402730068046550427e-01
1.481702101655467674e-01
1.468185890849824649e-01
1.404368394640279627e-01
1.441576731801174072e-01
1.445765434128031268e-01
1.518339904568359877e-01
1.455074134781861872e-01
1.365232886627159026e-01
1.325127440823836711e-01
1.395171682969555960e-01
1.413833335513212663e-01
1.383560672853150209e-01
1.405410563498752374e-01
1.435310023834281967e-01
1.445906276689594705e-01
1.373476255224600484e-01
1.416129158818152378e-01
1.419960637448820506e-01
1.321271698693460284e-01
1.412151357272091179e-01
1.492105257414724218e-01
1.419216225141490817e-01
1.518820920477983449e-01
1.346371767799348085e-01
1.364099433783056980e-01
1.437923505718227135e-01
1.421259927352340746e-01
1.419463601234178807e-01
1.395424234237510053e-01
1.348809865135904840e-01
1.350020334574850711e-01
1.374972396353622006e-01
1.475764224570068617e-01
1.427832177122186907e-01
1.392929554681507920e-01
1.407015589845853620e-01
1.429952397086601268e-01
1.315296996365451498e-01
1.400301275616868679e-01
1.413006241097627402e-01
1.378165603643041193e-01
1.416802085987209914e-01
1.420305713420297877e-01
1.369593726189821670e-01
1.462316790943111178e-01
1.411453035899689068e-01
1.385702410934032125e-01
1.439195065670140217e-01
1.405401330815052585e-01
1.330728715316145117e-01
1.434506977802542105e-01
1.331500689644564694e-01
1.397101880358384562e-01
1.373892253613909764e-01
1.355506933858251495e-01
1.438691677299722693e-01
1.362429356690029181e-01
1.357681009291131780e-01
1.400392892564544800e-01
1.460130062854030353e-01
1.359698501248829405e-01
1.373349939079914206e-01
1.377946668030661792e-01
1.337901783395920585e-01
1.425719914943202049e-01
1.394920188532933203e-01
1.388939931993261601e-01
1.347588903492399348e-01
1.431157865292892462e-01
1.332468132762534285e-01
1.388187241084147816e-01
1.358828169924448659e-01
1.389164074924456038e-01
1.420201071668756310e-01
1.448165947535819953e-01
1.360096759170008607e-01
1.356255326023179109e-01
1.305902841836946715e-01
1.411118518395934052e-01
1.382683206389666575e-01
1.402988313898877459e-01
1.300483793413830247e-01
1.288055001154816415e-01
1.359291163772817779e-01
1.327504072728065143e-01
1.334135292638858328e-01
1.381074010749223646e-01
1.393693684736654337e-01
1.274337736613408989e-01
1.299322089308172501e-01
1.261682724136853340e-01
1.453614854669977863e-01
1.315930204747431942e-01
1.303819334424659582e-01
1.337899075054429510e-01
1.386514950495392196e-01
1.278172814314877392e-01
1.471884978670585653e-01
1.346069954596165186e-01
1.387097264504013605e-01
1.357204216783642892e-01
1.283798598854584139e-01
1.346730556087916142e-01
1.377250387154566047e-01
1.386089694066303668e-01
1.414715971125405369e-01
1.376958959787119019e-01
1.280168806736297071e-01
1.317276138955471021e-01
1.436920809674897548e-01
1.339436802646789548e-01
1.365981062229615350e-01
1.380543182934296231e-01
1.407534581673539620e-01
1.319094247441332524e-01
1.343907331030759211e-01
1.357729979041202295e-01
1.390143796673262155e-01
1.360705746536157168e-01
1.400971160625997802e-01
1.401187858407870745e-01
1.371676684256972756e-01
1.331201915002157010e-01
1.412474519307203025e-01
1.271143056917920511e-01
1.300586781473734854e-01
1.367394066411911080e-01
1.421273534070196520e-01
1.392748146195528225e-01
1.397101880358384562e-01
1.334029217941726797e-01
1.313271618278428754e-01
1.319416097961723100e-01
1.354621488393440432e-01
1.317375608404705023e-01
1.349941467625384028e-01
1.323712084940118494e-01
1.310539652348448048e-01
1.324494225616776877e-01
1.305252600781452443e-01
1.322247474328159811e-01
1.306476247325674134e-01
1.265252592506769247e-01
1.360214518892530755e-01
1.321087286651630999e-01
1.364494634123507577e-01
1.262754794117912915e-01
1.277694149091159748e-01
1.309191884977238818e-01
1.348770201690123738e-01
1.278230930817449984e-01
1.292217844461182041e-01
1.363662336326760816e-01
1.247641993842838470e-01
1.361368294709025539e-01
1.265950726639372137e-01
1.242622422978878483e-01
1.349522053970828583e-01
1.326984444631673643e-01
1.261921592115280433e-01
1.308677083054112789e-01
1.399317749466220118e-01
1.287841728269689678e-01
1.303699862098979256e-01
1.252996249177635857e-01
1.297765375808070942e-01
1.272502451589219152e-01
1.304902591518537491e-01
1.374547573683086998e-01
1.218221457956751852e-01
1.345907463040938445e-01
1.250924454053441437e-01
1.327081999349495334e-01
1.391983595045401811e-01
1.347414955735670716e-01
1.251868151958239750e-01
1.283388755093005651e-01
1.312116613904196205e-01
1.357796171108839323e-01
1.279144889454442158e-01
1.383944115852453471e-01
1.260494750591667490e-01
1.280769604275878715e-01
1.385442986200361437e-01
1.290942903132173969e-01
1.292438548709489154e-01
1.333331832013181506e-01
1.290992001346504825e-01
1.288547968247687470e-01
1.374700575056133633e-01
1.243069332159908447e-01
1.303929149421694245e-01
1.319162400057234397e-01
1.267633295627451639e-01
1.256716779767027559e-01
1.279177188008513433e-01
1.298654598900967905e-01
1.270800395829756457e-01
1.251774738599826797e-01
1.222527387392420284e-01
1.295472940719770705e-01
1.303597670464247127e-01
1.367339716141076078e-01
1.326604477357005152e-01
1.274065783591009637e-01
1.261203344582759733e-01
1.220888054089306340e-01
1.327181677500349766e-01
1.265779866303935464e-01
1.293131706627018707e-01
1.268115527185322833e-01
1.207491534518208010e-01
1.322883170687484400e-01
1.285961449212853491e-01
1.273291075903526526e-01
1.265884474204934662e-01
1.252724023782771923e-01
1.295814225606852776e-01
1.294540182616303881e-01
1.311766386120112315e-01
1.248589714390011540e-01
1.274973821145884978e-01
1.273685380289517610e-01
1.330902990095161886e-01
1.309470532022748435e-01
1.275100148449676007e-01
1.260216774487074032e-01
1.360135893300332688e-01
1.212422711067003833e-01
1.260597262597197288e-01
1.242590168239564585e-01
1.266786141842625169e-01
1.267153847773375697e-01
1.231839980662029488e-01
1.275134263788463285e-01
1.269754876213022854e-01
1.292507569944807422e-01
1.253591025081622901e-01
1.148324704484174896e-01
1.235979376721013656e-01
1.253814445101185671e-01
1.254091354468102049e-01
1.259702119099193052e-01
1.316531681247911090e-01
1.287014312195824406e-01
1.335670555946359972e-01
1.260808925044160089e-01
1.275851015633269192e-01
1.299177106509765700e-01
1.281393801886174799e-01
1.269163764618806978e-01
1.245324061903037016e-01
1.319480697236875555e-01
1.283036271358248825e-01
1.258120457681888293e-01
1.294954883436154613e-01
1.217967014382655977e-01
1.249538322455034933e-01
1.185580741808801575e-01
1.201367762855799493e-01
1.275335176338534549e-01
1.175336699560654008e-01
1.200439410744875701e-01
1.207549106759011615e-01
1.310989595848811584e-01
1.278329372109944240e-01
1.231306700988576974e-01
1.220134627833554530e-01
1.180893875306434637e-01
1.216435658686434440e-01
1.189932139014028278e-01
1.245214216862916556e-01
1.165888867990768629e-01
1.255275160973756687e-01
1.173299569782925156e-01
1.257081515055082921e-01
1.180104135709298951e-01
1.143060148622883077e-01
1.320751636960029174e-01
1.245146376056814885e-01
1.259819065887888279e-01
1.189199785022576616e-01
1.294298028464708761e-01
1.263183120834705520e-01
1.224879023129403777e-01
1.248901495672717354e-01
1.364982056349774986e-01
1.294996309311937654e-01
1.205823147012864416e-01
1.246324428418501551e-01
1.254728014312266327e-01
1.233843038180852947e-01
1.190617848449259109e-01
1.229447161558032686e-01
1.290440595479426245e-01
1.249821911222792625e-01
1.264813014430554716e-01
1.290901578744378941e-01
1.206830865137311637e-01
1.167489669034893485e-01
1.168804463317754117e-01
1.198459542031762304e-01
1.293503490338918649e-01
1.168054782812707471e-01
1.310170896749949243e-01
1.214150682368688727e-01
1.281379980657133544e-01
1.122974290040318346e-01
1.232202061445422103e-01
1.220810708522148680e-01
1.272572820026987017e-01
1.185775404411489875e-01
1.198226008635723261e-01
1.220652718904060574e-01
1.276617772432739883e-01
1.157284648348102518e-01
1.211814616021439361e-01
1.197654343849003933e-01
1.243584220237008431e-01
1.224870010190706182e-01
1.230260766618778145e-01
1.287607061800483121e-01
1.200917768319235135e-01
1.205824875123617801e-01
1.310284274950686001e-01
1.225026449045952814e-01
1.248795707328037574e-01
1.165842430854469036e-01
1.196594401968017474e-01
1.190835301245803945e-01
1.312230391616568959e-01
1.227550010883936560e-01
1.216171940514723104e-01
1.284306829675463391e-01
1.224711822850721443e-01
1.294385676196009305e-01
1.164909368903315201e-01
1.213364998789980831e-01
1.179297492406328196e-01
1.201622622730827983e-01
1.140478315417541300e-01
1.228027231059773960e-01
1.129251091672250906e-01
1.179784467252817937e-01
1.192838071541317824e-01
1.212196610286909726e-01
1.202114877177169472e-01
1.094757348377068951e-01
1.212919592416854542e-01
1.201360346762971876e-01
1.200778200829530906e-01
1.123418073664672612e-01
1.224677605705706274e-01
1.209825173686001065e-01
1.176933067485510520e-01
1.208115081590495077e-01
1.200315066162900290e-01
1.196941429602720319e-01
1.241056033468683761e-01
1.189115858721676577e-01
1.094915181978868279e-01
1.160749012321538043e-01
1.311465802964671967e-01
1.250402673878356907e-01
1.179948719128894874e-01
1.189734375073718819e-01
1.236827839147602859e-01
1.221769436140650589e-01
1.199409335846615132e-01
1.050090110815368183e-01
1.156135893626146771e-01
1.216158220903855725e-01
1.163722088487069151e-01
1.129367620447239151e-01
1.157490525974405049e-01
1.161388203376270134e-01
1.212661884678232216e-01
1.159364043723654092e-01
1.203371153070497135e-01
1.229660834545013293e-01
1.166237481370097084e-01
1.131196203104289921e-01
1.263723462776007445e-01
1.142261383409008957e-01
1.162492300273805235e-01
1.184626678054550020e-01
1.189487210740775014e-01
1.146692785862012398e-01
1.262260400111794301e-01
1.167637042662481583e-01
1.277362725301423030e-01
1.138578085535979501e-01
1.097724753795377151e-01
1.171014733693227505e-01
1.160096683240102733e-01
1.197990419739209944e-01
1.059074296803981241e-01
1.189937780748154816e-01
1.145422360444341425e-01
1.100663316117317381e-01
1.076233278168108320e-01
1.172029109591785634e-01
1.140925478223047129e-01
1.098994073260808335e-01
1.201756004800380584e-01
1.232291046860516381e-01
1.182751653782517787e-01
1.157126044707190715e-01
1.236834908506710962e-01
1.106763744288608020e-01
1.123700428814464747e-01
1.208625547765291852e-01
1.191263531873345549e-01
1.161764507787763634e-01
1.140741239698531695e-01
1.147438318888508446e-01
1.154750904185586347e-01
1.198363290779753676e-01
1.228933642402705306e-01
1.178206200712319518e-01
1.161101940866906546e-01
1.067802647697864149e-01
1.099405828600202861e-01
1.188004220131331223e-01
1.157697017797114647e-01
1.108810780167539534e-01
1.111740989361532650e-01
1.219423356738946751e-01
1.209176376923264407e-01
1.150406800123381368e-01
1.126958526325902987e-01
1.106214812505683653e-01
1.167683681394681150e-01
1.123835278192246712e-01
1.107742754895355564e-01
1.244380030194266462e-01
1.101733980265050539e-01
1.241208220915538396e-01
1.096366932398976646e-01
1.247398118304307024e-01
1.076656448651474030e-01
1.139178481706483170e-01
1.212415022558310795e-01
1.149657972420579100e-01
1.123319128297080027e-01
1.142975193783343224e-01
1.156438396084260578e-01
1.155385842197258484e-01
1.121500109578779103e-01
1.158444324664428260e-01
1.204076367353874577e-01
1.146654503793264057e-01
1.103789625222547643e-01
1.102251120664737849e-01
1.132917493651112162e-01
1.113405041543853446e-01
1.180373348475218798e-01
1.207754808052905471e-01
1.144795481396504444e-01
1.174140822182598853e-01
1.147723214923753732e-01
1.233661675231086940e-01
1.172268802583182890e-01
1.204195598883568419e-01
1.134813449907328131e-01
1.134572952427381765e-01
1.129379307422651024e-01
1.186502269632767614e-01
1.141395498854058665e-01
1.081958481178706410e-01
1.046002204563696303e-01
1.115670793585271658e-01
1.033221368887380365e-01
1.181754240825352298e-01
1.099065028111513298e-01
