1.474942677934537594e-01
1.485263956393781948e-01
1.508229361602324570e-01
1.452986685667602140e-01
1.503449739810573949e-01
1.429889763366403166e-01
1.503775980818804481e-01
1.451288995488346778e-01
1.410812654976644209e-01
1.449824847649477944e-01
1.417564968846556361e-01
1.409099024012214763e-01
1.440115023896466617e-01
1.422781186621947525e-01
1.468149640490701291e-01
1.434494466339270025e-01
1.358048313805061413e-01
1.378020792074851064e-01
1.381662684998685720e-01
1.382156358594351930e-01
1.437241974882341733e-01
1.418907973483889418e-01
1.381646710598765093e-01
1.395618579870352427e-01
1.390741061813134394e-01
1.372774549551507572e-01
1.404961995142000042e-01
1.337332945352357472e-01
1.362938836987990232e-01
1.373913425296093838e-01
1.343557525047586187e-01
1.356509099635703208e-01
1.406940013370300280e-01
1.437168651406397490e-01
1.337181387152395207e-01
1.312766386296014831e-01
1.377191425791601809e-01
1.328510500458210952e-01
1.247606095575659602e-01
1.410197385827685057e-01
1.240179399883354350e-01
1.326064760723478786e-01
1.345908272962923480e-01
1.330061691855480843e-01
1.255501136564691755e-01
1.281021580829584394e-01
1.316762291031796650e-01
1.243803671533481037e-01
1.315116749254005013e-01
1.274747001264507906e-01
1.313967174294314866e-01
1.306137694384321701e-01
1.280388144741941847e-01
1.302199208734435842e-01
1.295728494677045317e-01
1.274591916078035014e-01
1.232319319515899902e-01
1.272464031466663537e-01
1.197967346203268058e-01
1.282689695233374394e-01
1.286989683437165244e-01
1.198240807216754966e-01
1.231827068263660063e-01
1.151426131045701906e-01
1.210583019001474359e-01
1.259500516460936304e-01
1.251258006978718251e-01
1.271082489314837582e-01
1.183119623688191346e-01
1.175634560665128614e-01
1.197728497826333616e-01
1.241782081131339588e-01
1.230041263588828038e-01
1.207396815132038004e-01
1.193528442867618500e-01
1.180965288902878774e-01
1.254073639957840047e-01
1.174511452204318740e-01
1.204069471899760213e-01
1.239849013991789484e-01
1.194416581394888155e-01
1.135032931349592156e-01
1.181549388566733860e-01
1.146325259875818903e-01
1.188596034292124237e-01
1.142728688443807039e-01
1.141506509896401678e-01
1.112854362881920967e-01
1.156597939511735396e-01
1.150485259425502171e-01
1.130891942197227440e-01
1.168863069326663284e-01
1.161212146912942167e-01
1.134168870345124702e-01
1.129090866289399475e-01
1.155503289788828436e-01
1.107352499939953105e-01
1.162923814311488391e-01
1.099980204410417883e-01
1.114235996321725208e-01
1.089674961257478536e-01
1.124245146533079387e-01
1.112126929671666264e-01
1.097942958669986258e-01
1.097341663705344583e-01
1.120661383040122416e-01
1.086236128247921595e-01
1.129019471913985662e-01
1.098659309957258357e-01
1.066526595132180066e-01
1.077904038233459261e-01
1.067300629956209335e-01
1.087887650522771921e-01
1.095750196542126798e-01
1.034924613563279472e-01
1.019416219721618333e-01
1.049058182569460040e-01
1.097818273790229782e-01
1.047764960436636805e-01
1.000468306498550897e-01
1.082612062809814590e-01
1.006791045049777455e-01
1.111875580011217890e-01
1.046819289262137520e-01
1.011545246069842641e-01
1.006941466688806575e-01
1.007855870955187694e-01
1.009134588143083544e-01
1.016905726950705358e-01
1.003039386377105879e-01
1.006496153994893561e-01
9.978207529589333546e-02
1.067789388092734715e-01
9.650464365500865949e-02
9.826075839197156991e-02
9.861235588391170648e-02
9.613153597413703899e-02
1.022412603615313609e-01
1.018095412165984648e-01
9.436133465473361959e-02
9.820766890937271398e-02
9.523027588657773101e-02
1.039385124933436266e-01
9.712297179499163047e-02
9.481690429120992469e-02
1.051788171397683991e-01
9.029016519085442116e-02
1.035904404264484935e-01
9.593978716259443651e-02
9.052251256004062441e-02
9.127919258357530818e-02
9.976066653838056020e-02
1.017259897967257576e-01
8.898927799228983915e-02
9.951027594585348801e-02
9.224074387150138499e-02
1.023771520743681496e-01
9.680598081206648331e-02
9.443355036643086287e-02
9.849504284433985291e-02
9.003875731629296109e-02
9.895349960438737380e-02
8.658084505800012209e-02
9.102311793723316669e-02
8.747182751814741586e-02
9.980070178796984770e-02
9.556433704551370312e-02
9.709295742757961811e-02
8.809571805743154904e-02
8.621786285141053163e-02
9.476270356773919268e-02
8.744281866782488422e-02
9.078162183268490004e-02
8.678853906714678601e-02
9.444155023792133452e-02
8.647135794485005800e-02
9.175167409659934492e-02
8.590654104715644834e-02
9.556862259232756784e-02
9.388583748444212507e-02
8.646872974018138258e-02
9.150811892178012386e-02
8.769435130623204344e-02
9.155092683265486642e-02
9.006782377213928825e-02
8.577947774285499261e-02
9.224480339548701835e-02
9.455872145065902235e-02
8.647588216982182718e-02
8.618028583148173993e-02
9.027157095198101722e-02
8.978555322266834615e-02
8.757370633016536843e-02
8.305904273626429912e-02
9.023353315064053248e-02
8.272171569756503473e-02
8.302124168186519881e-02
8.225200521188702485e-02
8.440754280422779754e-02
8.842891541139619171e-02
8.388059897970090439e-02
7.919038267049960389e-02
8.154113451814548608e-02
8.193390573866277116e-02
8.575041980302411382e-02
8.564244681687882554e-02
8.356965192541265797e-02
8.064912046890171382e-02
7.878201505069437616e-02
8.015603108255353604e-02
8.798775379951939701e-02
8.327025251350361756e-02
8.318839538118472099e-02
8.312139545527941209e-02
7.556823949887336855e-02
7.739698237112846435e-02
8.738449441506646043e-02
8.157692365752766683e-02
7.992647439239963791e-02
8.288524172931088785e-02
7.572352010207683559e-02
8.147347467965304624e-02
7.928011732151873936e-02
8.023759248581796566e-02
8.461279165595458895e-02
8.287738921314247165e-02
8.023548603201891005e-02
7.762848552887713360e-02
8.114733896108305977e-02
7.746586734628913007e-02
7.307688508987386644e-02
8.057598432143064926e-02
7.947749796185255011e-02
7.640016149223460840e-02
7.065302461626177255e-02
7.869385164903852647e-02
7.259615325864055002e-02
8.326022820460954321e-02
7.716573316088148893e-02
8.279970176532835957e-02
7.396396313617026319e-02
7.945369172584459960e-02
7.308029545446215192e-02
7.598197869711231789e-02
7.747931555897624722e-02
7.438280950812847792e-02
7.555381207718903092e-02
7.421607657598427998e-02
7.179194306128300340e-02
7.446233309188587945e-02
7.111216321204127944e-02
7.255487252401104925e-02
7.339310886599559325e-02
7.313643135434610976e-02
7.444551647192532151e-02
7.612300549517736492e-02
7.607564786524245726e-02
7.322513388608831164e-02
7.342682590177984636e-02
7.221353948120579069e-02
6.888325894351754464e-02
7.239669065262721581e-02
7.126995688784987237e-02
7.419068726086019971e-02
7.293600562875945936e-02
7.536403650815315380e-02
7.585829394107057588e-02
7.337546301809227955e-02
7.481838358392722821e-02
7.338290429239646695e-02
7.313398376851143468e-02
7.273603264117456391e-02
6.830184846044096147e-02
6.686417727359095231e-02
7.270169733461406825e-02
7.125920959745335459e-02
7.617050874176078956e-02
7.173265565437725311e-02
6.756415552349026576e-02
6.721399673679528952e-02
6.290463200836504676e-02
7.319875136852849185e-02
6.899534903472481773e-02
6.670285947048637532e-02
7.185901900538294029e-02
6.893690300579247143e-02
6.917410267464596529e-02
7.378066962523821548e-02
6.290522081600447013e-02
6.979076625928004596e-02
6.554216519714095579e-02
6.993421178038339292e-02
6.515599704579200235e-02
6.788963809249404235e-02
6.454973339362202189e-02
6.685034154653490823e-02
6.740188999138152504e-02
6.588554343351948894e-02
6.806045791490789032e-02
6.861299378040153218e-02
6.231973395093781676e-02
6.812657787727016689e-02
6.706567086448456116e-02
6.616762482976956683e-02
6.606821441892241076e-02
6.463603941305584577e-02
6.461342947261883296e-02
5.816772135920267317e-02
6.336926620721006209e-02
6.354124614851142105e-02
6.101561531076438172e-02
6.181456898681747525e-02
6.318737343408753482e-02
6.261960843049019232e-02
6.630920968601583532e-02
6.240312313441320757e-02
6.496680070830773701e-02
6.236912196714761158e-02
6.215077943625768597e-02
6.271587287206203953e-02
6.105235279034082474e-02
6.841903771305934967e-02
5.937735822666878605e-02
5.861244766333406631e-02
6.019028211683030705e-02
6.129045437944380392e-02
6.113431132369895327e-02
6.308123037838653246e-02
6.058675828744908287e-02
5.673962574498703226e-02
5.774196567293166105e-02
6.125238481790318268e-02
6.205410214738016350e-02
6.123207073243419618e-02
5.970904682964439658e-02
6.166177165544373118e-02
5.761690197304347727e-02
6.065838639609433258e-02
6.084732849747886974e-02
6.594746040446830548e-02
5.684809808147694987e-02
5.836812027646054446e-02
5.954313353734896896e-02
6.155320103795103304e-02
5.770189907947431696e-02
6.139505232143882552e-02
5.444566707583420317e-02
5.668879931603565403e-02
5.531603395775253063e-02
5.581863469371917130e-02
5.814915287032196289e-02
5.984696199850825238e-02
6.022331125604352131e-02
5.779316236491593983e-02
5.444566707583420317e-02
5.444414554221466140e-02
6.309995862317208104e-02
5.597601126486506651e-02
6.195890255234082211e-02
5.693837482826613616e-02
6.046534516515444935e-02
5.415902344045187000e-02
5.462016909195976933e-02
5.589222582750419388e-02
5.913736370489575123e-02
5.221753918052307597e-02
5.180936310445294346e-02
5.860319438129169001e-02
5.838807311485916252e-02
5.557002592061066615e-02
5.445432182370324448e-02
5.385979798706497235e-02
6.235833040255500670e-02
5.234114574614912030e-02
5.719617436406676525e-02
5.448743585979065607e-02
5.249026557847602525e-02
5.287953927229316342e-02
5.961059573510252285e-02
5.287139839130028385e-02
5.182389765746575616e-02
5.017586986522704073e-02
5.179149819810890953e-02
5.468920082513983871e-02
4.988536314446911923e-02
5.524103939764346549e-02
5.065983713084143414e-02
5.972251564458241901e-02
5.385190952060681102e-02
4.788490862815131255e-02
5.106506474832539499e-02
5.147530415361389888e-02
4.859319507085280154e-02
5.293892278364109583e-02
5.087173999752758746e-02
5.298233622027326284e-02
4.833586511905174632e-02
5.204647998601541481e-02
5.160291806666328362e-02
5.245122081416520032e-02
4.832809825705464135e-02
5.523075309696967583e-02
4.760710928386369112e-02
5.296682855960666014e-02
5.343775662330074727e-02
5.361736021565355337e-02
5.005356291383000755e-02
5.525788804209852412e-02
5.344853406136751417e-02
5.306743460782015198e-02
4.749921247692046045e-02
4.853094007170266622e-02
5.115441831455325161e-02
4.656589626565255102e-02
4.705669841402115861e-02
4.721401535338376476e-02
4.973552413593285149e-02
4.469389664427714237e-02
4.421669109534676068e-02
4.594129451458406344e-02
4.393078017349749675e-02
4.539976644444632115e-02
4.101364727236411767e-02
4.780367843770050307e-02
4.579135151168112206e-02
4.583736088835022038e-02
4.340308422649041820e-02
4.593773317946492352e-02
4.604271396517756187e-02
4.716426260465500508e-02
4.441931290504086416e-02
3.998371118143817515e-02
4.507578409059731506e-02
4.203002591764692930e-02
4.328214582306211256e-02
4.626425528246158603e-02
3.901551373882272689e-02
4.375702183934992995e-02
4.009180921423993738e-02
4.444168132995018894e-02
4.134426776468902442e-02
4.148977205893067399e-02
3.846671382561006602e-02
3.858592532417071119e-02
4.334012314015267542e-02
3.967408770597335987e-02
4.168766058153794418e-02
4.369821207272839292e-02
4.410032013665654560e-02
3.856886920206625824e-02
4.570754046826430717e-02
4.383411054511365812e-02
4.089402401579089741e-02
4.103750144088658125e-02
4.322105979587420599e-02
3.672847832650116828e-02
3.647683720419059306e-02
3.818892023967590532e-02
4.065392461432826288e-02
3.688382294513359305e-02
3.958701980541012855e-02
4.286282745141978268e-02
3.882689325810750880e-02
3.936835971172114590e-02
3.276614739906691387e-02
4.013030954969798447e-02
3.910227146381672902e-02
3.888319542607576729e-02
3.420533251430302180e-02
3.865399538799840773e-02
3.344148655707579465e-02
4.216962792911571611e-02
3.968234627792877056e-02
3.449256325684180169e-02
4.003513033138372812e-02
3.525864261637590147e-02
4.254783376947968154e-02
3.284957719697478851e-02
3.241637531693175589e-02
3.392008741658991688e-02
3.451768186830028728e-02
2.945107438808070022e-02
3.828610739339821656e-02
3.656477109294042904e-02
3.298722398715581150e-02
3.322026692816204552e-02
3.118791230427886418e-02
3.424561679163751204e-02
3.231055617650380185e-02
3.680929911864039283e-02
3.275483967270531593e-02
3.410795862145299395e-02
3.470031815877638870e-02
3.903869274668014810e-02
3.305660198868531907e-02
3.532400617980635538e-02
2.612062193867070725e-02
2.843556387962631327e-02
3.218246979478145420e-02
3.183619046989150103e-02
2.832834888165258747e-02
3.028617304346836736e-02
2.990698472868724700e-02
3.132568946447666924e-02
2.790974691438119493e-02
2.870315476111873210e-02
3.188441479757275765e-02
3.103664697661390193e-02
2.559202619329314921e-02
3.165446828354601116e-02
3.057496984061380818e-02
2.854130367756213538e-02
2.612881648391462974e-02
3.317300129199796110e-02
2.656948363757360987e-02
2.976706484151869780e-02
2.850710199240591436e-02
2.972715533613845551e-02
2.978529660978357363e-02
2.784654009074516434e-02
3.035826770894900495e-02
2.788058748671440323e-02
2.365296918862047626e-02
3.011350631962628199e-02
2.874551614571108082e-02
3.010328218822433399e-02
2.602669427708470540e-02
3.024068808245883311e-02
2.367314815183307886e-02
2.927417419474998006e-02
3.061793298342685432e-02
2.582926499323012770e-02
2.923602184852247543e-02
2.770108114364644436e-02
2.461177503905487285e-02
2.508119572227296423e-02
2.709151435137857611e-02
2.586300803028240836e-02
2.687031016409946460e-02
1.915809548122993089e-02
2.790007088403800850e-02
2.432902002566628141e-02
2.916632031217702981e-02
2.490759348527815664e-02
2.631349712488284531e-02
2.608431176043723987e-02
2.284880520217336120e-02
2.185673767317863891e-02
2.477267994002763096e-02
2.431645999193321472e-02
2.453787984044697446e-02
2.496463501841117427e-02
2.234564552617512856e-02
2.701204814125457432e-02
1.919271363222829763e-02
2.484062922048635436e-02
1.964705231422736453e-02
1.975078851989575668e-02
2.327774269864646417e-02
2.401500448744364746e-02
2.177844911319648524e-02
2.330635173658124337e-02
2.013998879564482536e-02
2.287620773006326935e-02
2.022259483203836528e-02
1.925146275950695429e-02
2.541456408947329049e-02
1.882787653374584647e-02
2.107028489207829480e-02
2.398410628913627551e-02
2.005312663492486713e-02
2.074542053367212091e-02
1.637456305943241208e-02
1.827972547339529186e-02
2.093783144752681125e-02
1.603747158782398152e-02
1.722502592469399296e-02
1.975891198246970681e-02
1.547550758443638763e-02
1.884456718440530310e-02
1.756139882101304117e-02
2.089024312049536647e-02
1.827457403820986759e-02
1.712542102742919958e-02
1.923509971122649986e-02
1.930988202047068114e-02
1.816106637968606385e-02
2.172099210934075320e-02
1.845631818907400579e-02
1.616914234603639144e-02
1.969318295121125217e-02
1.444560888968182688e-02
1.473346935171326866e-02
1.800267286255219368e-02
1.661502835402450806e-02
1.638475198959599144e-02
1.660050091931819516e-02
1.537615307761763805e-02
1.901910169502740722e-02
1.753816401588714768e-02
1.609564589554890457e-02
1.671135662311140635e-02
1.291622617037224696e-02
1.714133634194692224e-02
1.446646934824080688e-02
1.759065994468134164e-02
1.331463594653614635e-02
1.573337626778437137e-02
2.143304982504767864e-02
1.627327873283168636e-02
1.631602924909691943e-02
1.550880317285141530e-02
1.627033519154308383e-02
1.377230935437301351e-02
1.524361101321081158e-02
1.468690697173213877e-02
1.533592438041631034e-02
1.338831630355530322e-02
1.654001567794316507e-02
1.397289621028319218e-02
1.455002761156554136e-02
1.709712937233609509e-02
1.722961427735092421e-02
1.232285307529767948e-02
1.356652931904755999e-02
1.417678146692580299e-02
1.455996827851480102e-02
1.291344159601059971e-02
1.419413390858803581e-02
1.508074040943374605e-02
1.106212494119562795e-02
1.426920061736958178e-02
1.393362002152276347e-02
1.565055292594563774e-02
1.185588222029587691e-02
1.526076336503301434e-02
1.241383631273229593e-02
1.255422726175159376e-02
1.163941328676210141e-02
1.047682116692016940e-02
1.334899970028358140e-02
8.807838927049838063e-03
1.177669120120450330e-02
1.332938227766355954e-02
9.350036344384360376e-03
1.343537917004433702e-02
9.049224439123149111e-03
1.428147477111063601e-02
1.064817555248998016e-02
8.730615696766697020e-03
1.252136063769659913e-02
7.638284758088031978e-03
1.212489513607517555e-02
1.048487391831254278e-02
9.311151896826297403e-03
8.685406404457918228e-03
1.049466594824788324e-02
1.028560756646745844e-02
1.115519599669223538e-02
9.400303481779226367e-03
8.927316491317505154e-03
1.034351689720058864e-02
9.285718295932832156e-03
1.174610316588098335e-02
8.652715115224696163e-03
9.181164315522960528e-03
6.768463635899557573e-03
7.970026843910238412e-03
7.828435792290866502e-03
6.772478876140963777e-03
1.047659694656122298e-02
1.021443603033822534e-02
7.307203833128328441e-03
9.402924360264242054e-03
9.092665437620217617e-03
7.449878880850357987e-03
9.584467945789265642e-03
9.017546627354655620e-03
8.061637471660221266e-03
6.880614802890372417e-03
1.205626944349291740e-02
7.155654684278034416e-03
8.126966846619954055e-03
8.045124027584504844e-03
6.496217301727003068e-03
5.920646630245274267e-03
7.121885594314036894e-03
6.848044631625249679e-03
6.626669942629836996e-03
5.290124096937187659e-03
8.457327415375637258e-03
8.457490112661170123e-03
6.395705607419532868e-03
8.445499070980244660e-03
7.702416621460983492e-03
6.526782458856517088e-03
7.362930065487383047e-03
6.406224152043948905e-03
5.305383651346140539e-03
7.266064370993419175e-03
7.081413264334979196e-03
6.817602211214524033e-03
8.298228437433774474e-03
5.204953739373019417e-03
5.938905536520211470e-03
6.575379957100668804e-03
4.612744772450549924e-03
6.039169477685790710e-03
7.201889253569460081e-03
5.262482563812120873e-03
5.917339993849024538e-03
6.136858753881258011e-03
5.685692829089039613e-03
6.038682794533123399e-03
6.700146085105496141e-03
6.825076106014571486e-03
3.622379868080560783e-03
3.903679799215686863e-03
5.166707472787468447e-03
6.139615622151595176e-03
5.697667818089779956e-03
4.729099923225676960e-03
5.691485756957548325e-03
5.450790483652045992e-03
4.491797363909699747e-03
6.272036549494597324e-03
5.480725531139540863e-03
5.545665298782642694e-03
4.710879155519487327e-03
6.561676229371204982e-03
3.834005830520736957e-03
3.699669119943793660e-03
6.568215490409534674e-03
4.345030790128823206e-03
5.958974980059705828e-03
4.249442995029939496e-03
4.897526537954610681e-03
5.244016678099372442e-03
6.081952467182905053e-03
3.708782976659774633e-03
5.259629614824179455e-03
4.408947164123544482e-03
2.959352383234303829e-03
4.937698561533476749e-03
5.168814682726230458e-03
5.899259038580240144e-03
3.780226212297677080e-03
4.223743290673098727e-03
3.874096553050598857e-03
3.320054238115766054e-03
4.094767302632140726e-03
4.934476951482746898e-03
4.686453073961427407e-03
6.343717416382288476e-03
4.898341056968624763e-03
3.670024555544104672e-03
4.245398992965054852e-03
3.282598062891883828e-03
4.630399861552447760e-03
4.564220796719586914e-03
6.169213086412828062e-03
4.907049367970151010e-03
2.288951109627235248e-03
5.524099816580085864e-03
3.927000433552096936e-03
4.253410860133644000e-03
5.819751619759339079e-03
3.617315305108115275e-03
3.187289187158826032e-03
3.692410528054357322e-03
3.674694961050883890e-03
3.798085642086501679e-03
4.585828182568141287e-03
5.078995267631336574e-03
3.476314453340401123e-03
3.210913524522629459e-03
3.295584648193017330e-03
2.715300735945724853e-03
2.140751905038151826e-03
2.712830054202974850e-03
4.203201471187245630e-03
4.293797667726639844e-03
5.275317456871264632e-03
2.895921662700251531e-03
3.463494914251352697e-03
4.239493403254579462e-03
4.776503114112262693e-03
3.491056873283437945e-03
3.425885226088887237e-03
3.197539998720078103e-03
2.793048461307678920e-03
2.656151215323587778e-03
4.007063350065176444e-03
3.666072967922651138e-03
2.371309927978404453e-03
3.273047951218743812e-03
3.309039825991288986e-03
2.390765686043683225e-03
3.034633904817618522e-03
2.917826354256636279e-03
3.909627249173874830e-03
2.042082198043804198e-03
3.482773379660519808e-03
2.763962097580341393e-03
1.220134959128760244e-03
4.394681906217279277e-03
2.456876705931643201e-03
2.910204101059132853e-03
1.959899125929198682e-03
2.586423030353834918e-03
3.074844172277990673e-03
2.094590267755491730e-03
1.915919289704692829e-03
3.367536637393198085e-03
3.100837953087909327e-03
2.522174815140498794e-03
2.915895335818596834e-03
2.147405098760213349e-03
1.987945678493918678e-03
1.806212718417188334e-03
2.640871302127534292e-03
2.083717285227604243e-03
1.953657147743204092e-03
3.743218208868137609e-03
2.646635685597198417e-03
1.889369415636332761e-03
1.655076368411889653e-03
2.328301187180636944e-03
4.122730009714969945e-03
1.928544125819109389e-03
2.372891730176407421e-03
3.006872963755347072e-03
2.302854078762850421e-03
1.686081768208169684e-03
1.827137829055303087e-03
2.069387641272957268e-03
1.654413926437170446e-03
1.780123321249771351e-03
1.259631403395466975e-03
2.271813874387906829e-03
2.368725497125634405e-03
1.358884309254237976e-03
2.114587388162170178e-03
1.384892995008102368e-03
3.685042515295777754e-03
2.473535131017889910e-03
1.981902438296101465e-03
2.452572373512484916e-03
2.486554211539537818e-03
2.779065551798298728e-03
2.740975795949118776e-03
1.296900977063364380e-03
2.910609845826694908e-03
2.323602622795739592e-03
1.693245545737132041e-03
2.062304009824211803e-03
1.420577281463608621e-03
1.591140911535005031e-03
1.567498146600843079e-03
2.527747689448966995e-03
2.872055673249107599e-03
1.611753790111025708e-03
1.107250862482089815e-03
2.078718840467619344e-03
1.955498468750205276e-03
1.973377420031896534e-03
1.139265934739119857e-03
2.933015372233560569e-03
2.108290184694716629e-03
1.733310905964069448e-03
1.420050356813029602e-03
1.280685697400030243e-03
2.354117993732307568e-03
1.201876798144763114e-03
1.407232427505622496e-03
1.128954589292519017e-03
1.249449141065284152e-03
1.446330412538276988e-03
2.110729880025585814e-03
2.191974077078606697e-03
1.726159272245286758e-03
1.805544047219109771e-03
2.105844642622534124e-03
1.047878962015191817e-03
1.704469636664152077e-03
9.906243955487559205e-04
1.786099515961536710e-03
1.610798753295172858e-03
1.318099203145739473e-03
9.290066418514708602e-04
1.469661764333274334e-03
1.268527685453268994e-03
1.992603273161197563e-03
1.892228823134334270e-03
1.559879895868032662e-03
1.444551707803887197e-03
1.020631021746654099e-03
1.499980669028788682e-03
1.192817292527070805e-03
1.332265105366436941e-03
2.567294591422353278e-03
2.227902291853656180e-03
1.287017488021957590e-03
9.987820021823967664e-04
1.307361839638088163e-03
1.020586111478039015e-03
9.437704923711542904e-04
7.318329479730767417e-04
8.910989528874146970e-04
1.195201461104300478e-03
1.998045512001556112e-03
1.039603126137822464e-03
1.132580786103787318e-03
8.734934473095812280e-04
1.869447109849264876e-03
1.397225974773319557e-03
9.211185115839404247e-04
9.890924628688235742e-04
1.385419695579703792e-03
1.472989526940526872e-03
1.439991573770393885e-03
7.756092417463555932e-04
1.066656289655076861e-03
9.378167881628485247e-04
1.583466825198387440e-03
8.816259835653372789e-04
1.056085186564637013e-03
1.140153509591179670e-03
1.127584481884547074e-03
1.139213993250010049e-03
1.128538861941752458e-03
1.441130013843716640e-03
1.084294861716683656e-03
1.506637083905193464e-03
1.710136078938107040e-03
9.410419377660073081e-04
1.240984462841820957e-03
6.912456768817243358e-04
9.730195703092636705e-04
8.596610846216545809e-04
7.563674516652962865e-04
1.118344964427753219e-03
8.994036589390352887e-04
1.214269551170987782e-03
1.066998737811797326e-03
1.133033666451233046e-03
1.019214212161445587e-03
9.235100740457857782e-04
1.097564042350729352e-03
1.026951819187438275e-03
1.130501509517878311e-03
8.702074726198993915e-04
8.667160994858535972e-04
1.638860563197175324e-03
1.066261167304016766e-03
7.287604997637808779e-04
7.182500367397537389e-04
8.108820893100165961e-04
5.125542007358152574e-04
1.444662241690930493e-03
1.033210122738603687e-03
9.368520783376022010e-04
7.683293593118145637e-04
8.441146066399118908e-04
6.900701531036279590e-04
9.184238954759171847e-04
1.071243728202553314e-03
1.153419135194733158e-03
7.833510134018784044e-04
8.260219409634839138e-04
8.254297487034767400e-04
7.580747907744989078e-04
1.296424980410937344e-03
7.640628064140564391e-04
1.006699867982852048e-03
7.884333833517720436e-04
8.368781661702850982e-04
8.785811553743139157e-04
1.153881101085607597e-03
1.281653727905895934e-03
8.955819136123865931e-04
7.371962053939196124e-04
9.595084478335458300e-04
6.647058096993507803e-04
8.559577292568398832e-04
8.962554283316048753e-04
9.930824072066357644e-04
1.077749929410898311e-03
1.080867071186930595e-03
9.540175431947961471e-04
1.208375906941117073e-03
1.118502510789154414e-03
7.919453769640316665e-04
9.362209080447936316e-04
7.943744019962561964e-04
9.210885741052221576e-04
1.383023357442780821e-03
8.301999330275755540e-04
8.321961800166199907e-04
