1.567826460298082925e-01
1.551532424393815557e-01
1.584942866421601426e-01
1.454562482538983570e-01
1.473729798626207677e-01
1.469696877050848949e-01
1.446762407430275399e-01
1.487166632418341905e-01
1.526381988763159114e-01
1.485965727401314940e-01
1.546274580302585688e-01
1.473758282209542969e-01
1.420331918604547106e-01
1.467162865749678247e-01
1.449313413052584210e-01
1.446497948735966377e-01
1.470248211218427858e-01
1.396032959907121951e-01
1.436274997395963204e-01
1.423613052547960667e-01
1.451108991629228573e-01
1.461546516172367305e-01
1.406034563983148411e-01
1.402621080703980727e-01
1.447098754208728799e-01
1.434272946213294153e-01
1.429392346849585049e-01
1.459672905128697185e-01
1.399787679600548174e-01
1.385658007532606373e-01
1.392101708555282258e-01
1.335450681045041721e-01
1.394167771960770352e-01
1.405595213593791026e-01
1.368476726220178019e-01
1.362598871110489718e-01
1.350005238574835120e-01
1.383317504747575422e-01
1.355269627497975859e-01
1.304391682555480214e-01
1.304579603726930825e-01
1.283920819922521606e-01
1.327032257002720428e-01
1.366414943013407601e-01
1.298322444069675008e-01
1.326590785095635994e-01
1.345707712718900995e-01
1.336799047938316276e-01
1.219165563089371629e-01
1.250648911412344244e-01
1.276085111445957043e-01
1.276727960662393802e-01
1.364380081395699662e-01
1.320254476988373948e-01
1.338124686430879340e-01
1.336603572439412080e-01
1.218536043013442871e-01
1.321421279257861681e-01
1.207168546871258963e-01
1.306529562533675914e-01
1.234267614092494636e-01
1.224451327158178060e-01
1.292191578224430870e-01
1.279348198779236556e-01
1.266821217498182994e-01
1.191356022636637091e-01
1.202451465095899508e-01
1.281112405699131873e-01
1.208530343012957919e-01
1.228040455023453603e-01
1.207104993693635109e-01
1.230862072839442600e-01
1.193271152277639580e-01
1.206923040124214808e-01
1.224939665591361360e-01
1.221491121652131806e-01
1.168277029743124418e-01
1.217155452537825866e-01
1.220463168416252575e-01
1.197196153948270059e-01
1.150261052467598244e-01
1.196516110336026673e-01
1.300140748226144005e-01
1.211191728311450388e-01
1.200802652518007108e-01
1.216681821231342386e-01
1.206974609801451104e-01
1.184080852215236845e-01
1.116471468941924172e-01
1.198290341376899715e-01
1.159314220549301222e-01
1.210604776622117296e-01
1.113170522385267258e-01
1.218766100878689862e-01
1.125986149439122119e-01
1.110177031089960575e-01
1.126449578298801546e-01
1.128907313498788145e-01
1.107768048067845346e-01
1.017199396760430918e-01
1.169153881738228540e-01
1.174627271836455877e-01
1.136862170475736455e-01
1.115492429215028114e-01
1.137266938464026600e-01
1.076140352870877948e-01
1.127356463523305763e-01
1.123776087765264720e-01
1.079858392149947166e-01
1.067280599576920785e-01
1.147464784889749012e-01
1.059590533405723178e-01
1.048370151931572458e-01
1.131916115571460768e-01
1.069708689561532644e-01
1.120031210134757593e-01
1.108777253975764543e-01
1.102078444933320966e-01
1.110294022341490328e-01
1.054866203181625828e-01
1.076907148531929259e-01
1.033488332741798743e-01
1.120424249916519566e-01
1.095450726858371304e-01
1.005801490811677468e-01
1.079435043742917877e-01
1.045460945290018762e-01
1.055155126459448311e-01
1.068946982704782611e-01
1.031267851251470580e-01
1.088375776685561735e-01
1.004123643181700221e-01
1.007441741675725311e-01
9.794294477356890738e-02
1.053520627673618648e-01
1.027730997423802473e-01
9.868446890101600921e-02
9.991692693963871719e-02
1.001222737998279655e-01
1.008783815628526703e-01
1.035851409288411906e-01
9.681280263415259491e-02
9.911636308522930872e-02
1.083270657599390008e-01
9.704060765950162093e-02
9.147809515013760606e-02
9.867678771648091818e-02
9.684210708998874928e-02
9.782789872356545402e-02
9.045541238603949097e-02
9.912939606761883571e-02
9.841193981759221998e-02
9.229502941098144397e-02
1.038167725376850647e-01
9.383200719615014673e-02
9.960895207157660636e-02
9.302320081248316441e-02
9.515668832359103213e-02
9.976902874985138503e-02
9.522354020226342364e-02
9.806823650156859529e-02
9.810891133562582578e-02
9.063599044296133389e-02
9.767141359896402975e-02
9.350044100556442750e-02
9.165742878700899876e-02
9.561865172177641536e-02
9.264575627012183734e-02
9.374003096632654852e-02
8.926842407365676024e-02
8.740545426489720882e-02
8.562183197280170965e-02
8.320101265358370579e-02
8.959407195670920920e-02
8.739125270156256065e-02
8.775263525210696969e-02
9.167306167776145820e-02
9.527521270935135345e-02
8.959787493364468336e-02
9.536338465566518430e-02
9.292499643155238687e-02
8.824044917458906401e-02
8.888053786906779941e-02
9.143489542457317043e-02
9.015782993171506110e-02
8.800840286331368389e-02
8.756177592956326805e-02
8.854070636260125138e-02
8.436062862509463578e-02
8.934593278568248031e-02
9.450284005087961070e-02
8.460395171783741119e-02
8.607240447817998685e-02
8.710886982383581056e-02
8.102928716276314169e-02
8.693575057941682616e-02
8.867031719545503954e-02
9.528135138016247119e-02
8.634470765406931925e-02
8.801910817324953840e-02
8.406113411529037016e-02
8.124964018477698335e-02
8.623222854084167110e-02
7.937301087185300030e-02
8.568600306027507330e-02
8.581437389129820126e-02
9.399459346722260911e-02
8.857709673421920726e-02
8.876977481927572633e-02
8.232397204585240047e-02
8.500537002876740189e-02
9.049847460577775671e-02
8.465885667785499891e-02
8.544728707049675798e-02
8.058548104718021854e-02
7.997581597839409362e-02
8.322661525707730767e-02
8.147464649115532254e-02
8.484200372486261355e-02
8.154924581897171620e-02
7.622145506167121720e-02
8.365888322651549025e-02
8.800392103716048187e-02
7.924222778425771274e-02
8.289232164747062370e-02
8.129106875615910166e-02
8.428014146883178181e-02
7.857323026549889455e-02
7.987294029448355204e-02
8.194019961277065889e-02
7.960370308008446472e-02
8.337893044517641350e-02
8.435017453335169613e-02
8.054930864355269726e-02
8.495367690640964753e-02
8.238328554935792081e-02
7.595012985026439178e-02
7.864962546996756565e-02
7.831265768593098642e-02
7.638422166847735895e-02
7.769757114358766259e-02
7.346958233581457609e-02
7.236640822174789101e-02
7.319945057826982016e-02
8.007945822956386017e-02
7.334593391051980049e-02
7.342957153253815150e-02
7.793088540017278909e-02
7.586717057288816513e-02
7.787191715022423466e-02
8.014487728907981889e-02
7.995133645608554218e-02
7.476566090451775004e-02
7.224677783515076612e-02
7.218348991877610032e-02
7.796614627665077180e-02
8.119294290530754132e-02
7.576485781107766826e-02
8.000889539998590205e-02
7.817492426237127034e-02
6.931234690840615276e-02
7.776091187491096512e-02
7.139083664882794888e-02
7.785297240011046505e-02
7.263258147617901450e-02
7.407412370559673942e-02
7.346350206587071163e-02
7.332857026114525389e-02
7.485156283771621233e-02
7.464709779576095272e-02
6.972582526535031633e-02
6.306610427916736761e-02
7.079795351418882721e-02
7.965658775344053311e-02
7.099192464343173636e-02
7.379122141124094814e-02
7.327233274988520506e-02
7.377648087636834440e-02
6.772215498225087060e-02
7.688328424320356458e-02
6.348650425466328961e-02
7.161822461378053450e-02
6.929762122148119818e-02
7.202090134962779722e-02
7.707524368035123530e-02
6.778791763664671066e-02
7.056310578689384272e-02
6.913285494183707414e-02
7.144448998441599308e-02
6.573237766935746684e-02
6.247590993776463986e-02
6.958253005541581437e-02
7.022616446761709152e-02
6.788647373976997024e-02
7.258458673460232990e-02
6.879690250341008451e-02
7.017341553089040396e-02
6.958340870529755584e-02
7.145397239601480877e-02
7.597775228531800096e-02
6.976862922106374931e-02
6.519416673058642253e-02
6.792118035641547813e-02
7.001753513641406634e-02
6.790236757713030702e-02
6.011580474442235200e-02
6.294791762433182836e-02
6.803856920399053987e-02
6.294062585616155836e-02
7.171961826186945554e-02
6.751350864476624025e-02
6.032746965871216283e-02
6.338525745110112908e-02
6.675731191470080095e-02
6.792513246004072691e-02
6.650961033138780287e-02
6.446072105562927756e-02
6.056791181761478349e-02
7.161738466895828381e-02
6.784147590891420609e-02
6.168164519822094682e-02
6.784975454715369558e-02
5.817712678902364765e-02
6.160925983888254631e-02
6.585725597054159497e-02
5.929091189759994052e-02
6.521326265202032069e-02
6.350732480082754705e-02
6.080331161979146692e-02
6.099916007443406674e-02
5.971578428966606289e-02
6.371597227071457148e-02
6.547342204085859763e-02
6.595054385193432900e-02
5.910766755168905817e-02
5.981650406977490064e-02
6.114052774009537394e-02
6.044343655749462307e-02
5.490170632263868811e-02
6.196762115665666038e-02
6.069206426159179379e-02
6.478122956832166324e-02
5.736339787203226237e-02
6.307032798074918567e-02
5.584564486458698518e-02
7.021299358216337438e-02
5.867244329739018660e-02
6.076347662466541344e-02
6.147375935109966605e-02
5.804514789480919035e-02
6.060811058138781959e-02
6.523773778128050260e-02
6.210540762922533986e-02
5.764200773286864976e-02
5.664802814231850725e-02
5.402954656345781981e-02
5.489979996533433937e-02
5.631897377201244836e-02
5.795917187984078733e-02
5.750736787866617128e-02
5.581158601628433136e-02
5.502149766452035795e-02
5.753183029603481380e-02
5.934720419495187471e-02
6.254058021602237893e-02
5.720836169304344132e-02
5.750664931437077243e-02
6.309064361480820615e-02
5.850982823194528226e-02
5.255746242847303407e-02
5.778148519719306098e-02
5.817537552594109762e-02
5.044606777816229570e-02
6.049515821933293402e-02
5.528344125909567808e-02
5.707074911795029237e-02
5.473557275646578901e-02
5.202183073389843315e-02
5.102738629321779129e-02
5.523944774001898761e-02
5.261852520308596404e-02
5.350319714362750112e-02
5.362961834506796421e-02
5.898617319879440046e-02
5.293538059635660709e-02
5.703841881814730730e-02
5.668834114212817354e-02
5.306089841184769007e-02
5.163063903847930902e-02
4.943632248960427855e-02
5.187324256471936845e-02
5.155912732753242800e-02
4.955520316188366525e-02
5.703841881814752934e-02
5.196132765256433750e-02
5.160858308576821152e-02
5.640118739626798217e-02
5.267744268705587540e-02
5.359623458943996166e-02
4.966729961525717663e-02
4.986247906569385435e-02
5.123265343248339931e-02
5.117582955950306101e-02
4.724530313065433695e-02
4.886778452707007947e-02
4.730739719216836559e-02
5.190085911296060672e-02
4.635883297516874002e-02
4.918503220127168341e-02
5.069062183174788405e-02
5.001457260043318254e-02
5.337481412409417203e-02
5.476989390047959372e-02
4.724628155805077334e-02
4.587939930071094352e-02
4.709881236285751172e-02
5.084090745408609280e-02
4.585641169597898248e-02
4.977511917048649259e-02
4.948290544912536948e-02
4.960054235869171269e-02
5.024077585306552240e-02
4.856342709503835842e-02
4.638743371031772700e-02
4.716216141736417899e-02
4.136294129643569573e-02
4.486501671739651087e-02
5.029930200999588319e-02
5.195885375328412881e-02
4.724069833213029312e-02
4.919971314732562995e-02
4.386131320029884595e-02
4.623670712013017159e-02
4.040849469658791548e-02
4.697053479037105461e-02
4.612535892607994015e-02
4.618343994460005764e-02
4.477290638068853745e-02
4.633573848286109964e-02
4.177587444437302899e-02
4.305203489173736742e-02
4.685682653844414070e-02
4.294539051628398774e-02
4.213987317295120327e-02
4.224427102959060765e-02
3.996337977230313143e-02
4.150503738587008051e-02
3.972540946457714384e-02
4.168172805098968592e-02
4.251029983536214196e-02
4.327951833923648906e-02
4.661967913974918165e-02
4.259657699142072040e-02
4.189198331580801238e-02
4.164754701871609122e-02
3.996822621886375604e-02
4.028996464563561197e-02
3.971567021067734515e-02
4.037062779087430275e-02
3.522532107486497921e-02
3.968127091588424804e-02
3.894994916030458665e-02
3.785336503535341457e-02
4.092813268341466415e-02
3.708245049657077352e-02
3.593083847886813231e-02
3.903108413177980296e-02
3.521390914929689586e-02
3.823281821949930936e-02
4.053106320477006808e-02
3.830886440229641643e-02
3.590192958110016708e-02
3.520196773526151901e-02
3.609896246308252898e-02
3.636095822973595126e-02
3.433425140819501564e-02
3.372093446406643213e-02
3.712264015686184138e-02
3.355101446866559645e-02
3.643107733481509847e-02
3.323130944925734021e-02
3.723078030943227645e-02
3.875775057167030191e-02
3.587964077281435848e-02
3.739389502510248597e-02
3.583223678166680415e-02
3.455471689068390084e-02
3.687821351614406495e-02
3.463673001527622919e-02
3.442401093082891883e-02
3.503694924678990574e-02
3.750674400991171886e-02
3.074342955234998787e-02
3.138268755014805844e-02
3.404384647674540965e-02
3.611831748438931733e-02
3.724626849807965989e-02
3.530281893388553804e-02
3.269487147089900070e-02
3.395933284489893733e-02
2.976522960710004106e-02
3.782840533845410746e-02
3.347849929249258061e-02
3.922895630848066695e-02
2.991650889710162353e-02
3.327796014429451610e-02
3.128895176646317999e-02
2.958129865325342944e-02
2.698079296205824207e-02
3.131922859941771442e-02
2.537387694394466209e-02
3.031977348206782441e-02
3.396583594748048274e-02
3.305853186300455882e-02
2.981912391053143097e-02
2.630286962924599514e-02
2.805640777465012725e-02
2.784801408518211563e-02
2.598788528282280907e-02
2.725084779409825408e-02
3.208699953426741303e-02
2.788713831783984354e-02
2.659662200478996041e-02
2.876244769535540868e-02
2.651122728321886335e-02
2.516317606333773327e-02
2.578573455711241635e-02
2.814848100740130477e-02
3.020615749081012602e-02
2.550908730334722208e-02
2.576796359022259786e-02
2.790449271039241452e-02
2.620368699364350462e-02
2.620771344463568298e-02
2.615842939747747842e-02
2.324207435840119906e-02
2.860884468097280031e-02
2.685969428093526457e-02
2.088325207983143805e-02
2.043999645741256810e-02
2.686178458961574478e-02
2.346654155292093868e-02
2.612580860937874228e-02
2.425608805932233381e-02
2.534764309233095148e-02
2.500174636118490668e-02
2.503095636474639285e-02
2.243527583245952250e-02
2.640366770768776128e-02
2.491356839265668199e-02
2.022341876193745058e-02
2.176718471119143405e-02
1.870263756789447562e-02
2.437751942821775319e-02
2.274687101182371052e-02
2.252756551282009134e-02
2.487072116611166450e-02
2.246597800848926241e-02
2.255282815356807191e-02
2.407619926543447253e-02
2.482345473171121419e-02
2.581581538702926171e-02
2.397305771559343768e-02
2.283133071570386807e-02
2.156656289822977968e-02
2.081184600312213639e-02
1.904610518026816912e-02
1.822416107773650040e-02
2.050070466031139738e-02
2.456989823020250263e-02
1.970838770303673382e-02
2.189926515038198573e-02
1.839001314249932850e-02
1.810245348956240896e-02
1.817949290372700144e-02
2.174824247730100524e-02
2.010688859184472932e-02
2.035727475038440204e-02
1.741257477893132233e-02
2.001853386561402992e-02
1.999694436268972808e-02
2.282460345713677174e-02
1.700155600190866867e-02
1.878625073303952231e-02
1.739421418764874883e-02
1.690604814197493866e-02
1.819761612689696495e-02
1.569933238518328444e-02
1.443762665953252089e-02
1.867686356723607943e-02
2.116358893406777852e-02
1.789051738034030947e-02
1.569206991827465369e-02
1.481872010041285215e-02
1.754297191593701122e-02
1.602353411746182399e-02
1.594095139411133566e-02
1.693320913654394744e-02
1.699764994080910085e-02
1.890375033641089608e-02
1.611934996873631842e-02
1.688715631559500885e-02
1.664716554125056369e-02
1.586163167973742016e-02
1.354745244447563834e-02
1.339988417799942155e-02
1.375228273032436110e-02
1.164532717810184970e-02
1.258067749081404063e-02
1.435125915839785549e-02
1.556828405225041401e-02
1.360970797597638171e-02
1.740699636007725370e-02
1.433433365396896697e-02
1.689549594499184515e-02
1.468539570263904803e-02
1.390787477256172355e-02
1.122964509232426966e-02
1.540534387837300123e-02
1.247449070064499121e-02
1.326505324442184275e-02
1.264765990759841863e-02
1.263441078717253419e-02
1.627446373982532890e-02
1.336344525052512999e-02
1.045431782792105579e-02
1.213866878875657918e-02
1.480980896360839516e-02
1.078074553144392489e-02
1.164239324646199059e-02
1.035314797792752373e-02
1.401523436891838337e-02
1.388268379167856281e-02
9.510771177477339577e-03
1.541372940708207739e-02
1.539554507818419182e-02
1.257813463710899526e-02
1.095210524861878199e-02
1.173211155591413757e-02
1.355553629279981909e-02
1.165474963228652072e-02
1.099233752963746369e-02
1.113636974489073950e-02
1.000251521259343246e-02
1.063899562139325461e-02
1.301981032156873663e-02
9.154612181858201581e-03
8.627622777574339707e-03
8.755184073714561421e-03
1.191334414926170648e-02
1.169246693393133363e-02
1.246780201173469660e-02
9.725993732403459546e-03
1.055482723731671069e-02
1.267254852124888309e-02
1.008567261893766887e-02
8.903794056820624192e-03
1.069613742649122567e-02
8.337149435333368608e-03
1.107673199686520782e-02
7.076369787936909184e-03
7.988123329635055114e-03
1.006399609205166357e-02
1.116643163846620102e-02
1.235903918477909702e-02
9.289231983808710069e-03
1.190930727722117055e-02
7.703094319615688690e-03
1.163734546294326044e-02
8.594353669687637698e-03
8.225397544328827415e-03
1.011005565735989542e-02
9.442866851552933483e-03
8.446831386715425438e-03
1.008624887062936626e-02
7.780674973015599960e-03
7.858027469122008668e-03
1.013525355532651773e-02
6.913631039549672508e-03
7.657487953775854450e-03
7.389141705069102173e-03
5.797114329818997547e-03
1.007185950505729011e-02
5.809162548684798644e-03
8.221276828252355173e-03
8.248610611619411337e-03
8.254927408042012082e-03
8.203329100767264848e-03
6.181114970536305542e-03
6.057920164514229988e-03
7.940196246615460751e-03
7.831858125650348335e-03
7.548694220116836107e-03
7.813894142092103756e-03
6.180642119814505620e-03
6.908727517500379278e-03
6.152703435044704072e-03
7.685256203951551512e-03
7.404752061196284707e-03
9.532437812482363881e-03
6.119510753005652504e-03
7.569381189431734214e-03
7.821179040627401768e-03
4.699375162982910581e-03
6.078246707706291829e-03
6.646398547505150134e-03
9.413338929472492289e-03
7.310410736130812381e-03
7.450165311710277294e-03
4.823179847305958390e-03
6.122917784472714509e-03
5.475416999632054527e-03
6.461230721411803657e-03
5.040273040847642605e-03
5.940929416402340735e-03
5.246384579899343592e-03
4.853178513562816931e-03
3.614710825330935684e-03
6.576444743888743005e-03
5.307332659901353722e-03
6.985978956714600230e-03
5.931292767261231447e-03
5.150884627683982586e-03
7.587345296819147933e-03
5.933833453953152315e-03
3.641151900714789669e-03
5.630211113672345391e-03
6.440395570619150689e-03
6.225337609476744305e-03
4.443024164853204283e-03
5.896151132360971658e-03
3.572124238713447753e-03
4.754926558731220609e-03
5.885713933775460482e-03
5.920903837236202172e-03
4.247743716545571147e-03
4.165315876502262427e-03
3.264968844285065508e-03
3.665003155486790121e-03
4.917858263318142242e-03
4.410588644829793736e-03
4.674194784553220572e-03
4.679680713017164706e-03
3.637247636587237487e-03
3.585493764943770145e-03
7.153707842880718815e-03
2.820122103391553559e-03
6.221470796202388520e-03
3.113670453029460106e-03
4.809566587324454190e-03
3.187604265559862426e-03
4.579182333690590134e-03
5.050201229387596413e-03
4.922920905489513999e-03
4.177377756810818354e-03
3.690877309487916591e-03
2.412696147846005168e-03
3.841592030864759977e-03
5.760409944645772384e-03
3.097233555737322064e-03
3.117770179454248947e-03
2.309299713248225139e-03
3.131260443340666555e-03
2.433479009964933937e-03
3.147353415348330685e-03
4.201661193336092559e-03
5.321804563514609399e-03
2.169376346706552994e-03
4.562225735367020363e-03
3.375751944882598998e-03
3.407802378228019791e-03
4.049834198355584114e-03
3.578197544704009303e-03
4.450086440224820805e-03
4.043038925656494698e-03
3.640392110218049204e-03
2.310708535551597720e-03
3.083859799924648648e-03
3.022063270512354016e-03
1.821479911765733206e-03
2.157236650363048014e-03
3.540789185398018901e-03
2.210826305845570161e-03
1.751279190132293273e-03
1.653796451871913931e-03
1.602055895354892456e-03
2.011783995993665641e-03
2.545566076900485086e-03
4.051551805318354127e-03
2.715970485153595959e-03
2.609402102145441660e-03
3.114631111783672246e-03
1.437048013676500702e-03
1.334349439571225204e-03
3.155720492906910479e-03
2.527688128115768151e-03
2.369437570073351651e-03
1.903135294844204850e-03
1.624991515199347702e-03
2.207012895709459244e-03
3.333941711514354367e-03
2.600857176144888427e-03
2.037645790206710217e-03
2.280479727839068715e-03
1.446588646184521210e-03
2.119231236904717264e-03
1.191113387946529656e-03
2.804598246397449479e-03
1.842693627364999642e-03
1.963037356594310445e-03
3.835308732882292126e-03
2.068731173195947903e-03
3.304369972943144163e-03
1.443609842611048855e-03
1.863898444610767591e-03
1.942794529267821702e-03
2.084178760575428058e-03
1.966623903858932820e-03
1.004129897967054319e-03
2.977176919622959161e-03
1.756623488500475005e-03
2.455253899007803220e-03
1.949953471377385839e-03
9.534993609537911752e-04
4.794908763794403228e-04
7.070670986712990214e-04
2.932646019404794302e-03
1.139747443822614059e-03
2.535756060898064490e-03
1.809904545068352633e-03
2.570433740536781642e-03
1.400979898076526453e-03
2.205380458161210200e-03
1.279705827160304565e-03
2.017531922168025460e-03
2.179231355578625795e-03
8.518626867928258406e-04
1.676706078549861090e-03
1.452055598670454195e-03
2.242386519379246934e-03
1.570630759088254003e-03
2.215635667255577701e-03
1.077977923382933412e-03
1.445508016474361668e-03
2.243834834273039647e-03
2.760932514574987451e-03
1.401491564666734746e-03
9.382189605411372924e-04
2.316219031698762976e-03
1.113452292924810294e-03
5.323172813771481771e-04
1.582284067096484392e-03
6.226061269871685511e-04
8.592422175607294932e-04
2.734798525536819014e-03
1.150664508872134562e-03
1.545926573325417941e-03
8.173205178243492242e-04
1.282476587607384033e-03
2.353936333343020770e-03
1.164775744490142984e-03
1.440850668019244551e-03
1.168954892101226051e-04
1.783675183714472645e-03
1.264072417365813550e-03
1.441279296911623931e-03
1.064817367552151062e-03
8.438338160912106645e-04
2.495053836254257362e-03
7.333862924241429937e-04
2.009928805666527651e-03
8.115885367021569152e-04
1.163152268656153510e-03
1.734239493642930618e-03
9.815485229038856119e-04
5.759224704895427038e-04
9.527918591316630881e-04
1.486667888316750563e-03
2.350273019700033217e-03
1.050963712871944011e-03
8.763822265196452577e-04
1.060819156593284518e-03
1.130259997751403844e-03
6.380898088831354897e-04
1.309315575263370057e-03
1.599071713884514523e-03
4.802141994251218904e-04
9.445459540782241703e-04
1.115345059380823400e-03
6.877777329532541728e-04
8.741332973740689738e-04
1.772749341248269772e-03
5.938635551674398272e-04
9.397536816960760930e-04
1.444829472490249955e-03
2.111403642403031355e-04
3.822969885692861780e-04
1.370353335770957415e-03
3.753498267444754788e-04
9.015548447850463276e-04
1.011383960392686632e-03
7.490569097523547271e-04
5.566914804677747242e-04
1.422953744702470935e-03
5.176324491654726856e-04
1.278389312396321920e-03
7.381892262811051708e-04
1.197778586894182595e-03
1.176148726020342927e-03
8.035633736477310052e-04
3.172393241115400997e-04
6.858287829856202222e-04
1.173276632958408783e-03
7.083117605936051220e-04
1.355930657503057191e-03
5.888566278082763006e-04
2.941356209837930891e-04
6.432642622935524912e-04
5.290125393098144002e-04
1.444754771285916561e-04
5.183276811778769755e-04
8.721960290261066007e-04
6.549814786811491985e-04
6.159730348460623617e-04
1.019501709602632644e-03
6.950649237782435819e-04
8.178753860983434265e-04
6.382420648709530298e-05
1.393854053408860594e-03
1.208408653146975098e-03
3.247558486078050421e-04
6.746810235879197037e-04
4.641043226875085637e-04
6.483084281436735097e-04
4.354511232469437942e-04
1.246927309126455441e-03
1.881142280422132274e-04
-1.004955208359081809e-04
4.504516010730430509e-04
1.119033953329573450e-04
9.088455575129161801e-04
3.994865353392773599e-04
7.972542384426795081e-05
3.345258133414796831e-04
3.929428390136990856e-05
1.205205152268629121e-03
2.188942568497331820e-04
4.650745327923200279e-04
2.400346084844295902e-04
8.306500208499212334e-04
1.026328070409698867e-03
1.491537165771994466e-04
3.330988448335681085e-05
1.379599736751613293e-04
5.047907541722018721e-04
1.608697875434828006e-04
3.408091408347857509e-04
2.123698831075770954e-04
3.118616187287592822e-04
9.368152065611923263e-04
4.151945754562458291e-04
8.981572084351130414e-04
1.505723645072176708e-04
1.648155874451884273e-04
7.939186281510357546e-04
6.800177504283633212e-04
2.443881462849128994e-04
4.738924894659435338e-04
7.780613244958711761e-04
4.773695163344804371e-04
5.368115824687658133e-04
-8.817732883992235315e-05
5.581286090592385563e-04
1.201401838855087334e-04
1.812964589078536193e-04
5.704117561944332948e-04
2.505949269939744539e-04
5.389158829970375209e-04
7.316526371214937541e-05
4.083873439673091355e-04
1.035495443678646765e-04
6.075451651843533085e-05
5.411585379300198895e-04
-7.194504419649749849e-05
8.936633641853930499e-05
1.403972565041655685e-04
6.174895539561298108e-04
3.100196564417290190e-04
4.085245853546748407e-04
2.935091180151783163e-04
2.060841452820039166e-04
2.328146636449979212e-04
6.327502278935526192e-05
5.671393405282110223e-04
6.784881285541999318e-04
1.843458755832472207e-04
6.809257209563490676e-04
3.638527980165395803e-04
-1.661399789701922813e-04
