2.244564376710462827e-01
2.157023484028971483e-01
2.153002207651087963e-01
2.240989885267644643e-01
2.100609002399052017e-01
2.201554296403537281e-01
2.137746683106126477e-01
2.104677872485044565e-01
2.257129015807047834e-01
2.190113459792148998e-01
2.200822045326417120e-01
2.136896980826705761e-01
2.143586814417761666e-01
2.218716092694972275e-01
2.202217376469711718e-01
2.211589282488275465e-01
2.166857455470971860e-01
2.134575229127914087e-01
2.146671819610429521e-01
2.224550150270103721e-01
2.196531589471877322e-01
2.218185702720915087e-01
2.160732264073366160e-01
2.181959252568976826e-01
2.189649237660890035e-01
2.155719738876022973e-01
2.156370973502836907e-01
2.194841692228796104e-01
2.205789332657251967e-01
