1.630121395846634291e-01
1.633533062221016463e-01
1.632249433770583957e-01
1.686804534180746939e-01
1.666023868709286537e-01
1.578212849035368626e-01
1.636332726091896950e-01
1.636888390462969411e-01
1.602916922650099441e-01
1.633235470439566850e-01
1.535997627852870862e-01
1.583213511794304695e-01
1.605049296278978632e-01
1.550397956497765461e-01
1.671914370444277376e-01
1.574950895646117788e-01
1.595242795005923364e-01
1.556639473807238661e-01
1.579019616187933295e-01
1.556232837608889641e-01
1.545694063809907037e-01
1.570206091111659985e-01
1.534870843147795316e-01
1.570963778831157009e-01
1.548105378930505482e-01
1.522611035094009191e-01
1.480855780784958720e-01
1.586068549201787858e-01
1.511718372976803559e-01
1.524244769583744663e-01
1.522603352037567026e-01
1.512540014827828960e-01
1.476711220562260118e-01
1.541900381760301642e-01
1.493277062837953251e-01
1.468069292096788603e-01
1.513207497453753492e-01
1.438435029683450272e-01
1.462586180745918396e-01
1.425903510715325062e-01
1.525943768429357528e-01
1.487953399613707317e-01
1.493007722464164688e-01
1.543967336412989111e-01
1.494382412989662123e-01
1.433643505362102166e-01
1.490671238518385122e-01
1.419429969541539105e-01
1.436621299581686273e-01
1.442069281593504337e-01
1.437209437421551605e-01
1.451500532909627550e-01
1.403104884056874946e-01
1.462705002355652040e-01
1.354483803809846121e-01
1.412749211485202494e-01
1.425414174436102632e-01
1.364237759242784565e-01
1.388178458643054558e-01
1.392095757325927385e-01
1.412227350152716054e-01
1.361417126078353634e-01
1.467347669294738477e-01
1.295589011702319437e-01
1.438388781071534561e-01
1.321925596274541315e-01
1.360723120670513930e-01
1.396000486041956146e-01
1.307620215475154835e-01
1.405413250199032404e-01
1.330461265350554312e-01
1.377447628916962374e-01
1.335225382485220047e-01
1.398067394300593902e-01
1.314979610811325417e-01
1.313216286472022043e-01
1.376853125405695932e-01
1.261769213262408096e-01
1.305326333527824234e-01
1.348215884752957949e-01
1.317723567343075386e-01
1.291803643816377134e-01
1.286575190361285426e-01
1.346821303332669251e-01
1.290777632230322158e-01
1.286351857360763518e-01
1.216495979782322712e-01
1.316758517794158756e-01
1.282666968833326981e-01
1.250443706927255594e-01
1.270578120255118071e-01
1.270979833866908715e-01
1.310693313917031810e-01
1.294380120281686253e-01
1.277472777148106475e-01
1.345114104229029328e-01
1.287399056804942044e-01
1.227550149050568029e-01
1.219462851905565026e-01
1.277541122839406240e-01
1.285716953477381574e-01
1.268672336268940048e-01
1.212514434869559343e-01
1.255683915048720900e-01
1.225654123849181376e-01
1.230962785104152690e-01
1.261228604562907307e-01
1.166817369220560785e-01
1.207803156019117141e-01
1.152555048737178289e-01
1.225777068774832612e-01
1.212481413319955736e-01
1.172776978065652731e-01
1.138757127322135299e-01
1.187322225172670054e-01
1.202255803022638236e-01
1.138687708403690602e-01
1.210706629287048308e-01
1.079994268161194038e-01
1.133164297931444908e-01
1.139062295131555436e-01
1.226495306739514568e-01
1.225451066219090945e-01
1.167122985662517598e-01
1.147767467878311187e-01
1.153264599505209320e-01
1.215580040518197125e-01
1.116028482946315181e-01
1.151406212595985634e-01
1.208061344697290984e-01
1.131731373780496819e-01
1.127824625396373071e-01
1.124948249129857913e-01
1.149777130114132406e-01
1.148844104776530761e-01
1.095716868548177736e-01
1.144925694684834072e-01
1.095319459950160335e-01
1.152066118988523957e-01
1.138775767618726009e-01
1.137044628907208921e-01
1.107893517718930854e-01
1.070788139468860090e-01
1.030028974806634912e-01
1.086750173608501679e-01
1.128092385658611141e-01
1.143494406788158058e-01
1.085973055914201124e-01
1.058900888199608703e-01
1.090296061867068733e-01
1.103531105290754821e-01
1.066751010657172039e-01
1.034564902490086036e-01
1.092148727316901713e-01
1.124276535793555798e-01
1.101806413894100833e-01
1.090870015098096557e-01
1.126169724388820237e-01
1.113332322281302966e-01
1.010102467718967389e-01
1.035615227195829657e-01
1.037744725694068615e-01
1.073039271499542924e-01
1.084757050651382615e-01
1.117283339003179998e-01
1.032051658365790159e-01
1.083925178334267381e-01
1.023317574854857304e-01
1.115245311020082175e-01
1.038769279169401427e-01
1.100374559768965144e-01
1.069047904825505269e-01
1.034905962543013480e-01
1.012127517674151767e-01
9.994293634507822599e-02
1.025507815209799611e-01
1.120600429079383620e-01
1.020413699730341461e-01
9.999229178042912114e-02
1.025980629779332798e-01
1.028008689876752646e-01
1.027368414155127585e-01
9.622686857910134339e-02
1.054343564692737933e-01
1.052627026594438187e-01
9.765060630326261037e-02
1.016127318218366105e-01
9.235849886420477439e-02
1.022712824653840835e-01
9.999606652644565941e-02
9.929216643631988415e-02
9.294425815309426131e-02
9.899550399044176885e-02
1.024720074478584486e-01
9.732893879178783347e-02
9.740509424732213262e-02
9.716474835994381998e-02
9.974020563746177626e-02
9.511058979645181655e-02
1.043398103957203782e-01
9.447361590502378892e-02
1.019958028785984405e-01
9.218011166885942131e-02
8.937561686943473749e-02
9.344983802868001010e-02
9.583670240152486475e-02
9.081728791159848768e-02
9.347861510866983803e-02
9.650110491324659368e-02
9.483173586408188971e-02
9.080495339727556736e-02
9.377529848228460807e-02
9.472961078776809263e-02
9.950777864196036493e-02
9.278615160437775344e-02
9.433870545854505796e-02
9.276866153899077094e-02
8.982459948247945025e-02
9.320250642428673515e-02
9.112341753589625615e-02
9.116023247043514299e-02
9.058081318193733633e-02
8.710298458857279602e-02
8.905798192924585521e-02
9.217079554053431156e-02
8.983289622989187873e-02
9.963795462714397644e-02
9.513640151298063952e-02
8.831884873079265397e-02
8.809601784811693648e-02
8.938338937506917770e-02
9.274766247402888020e-02
9.044376033527534720e-02
8.533392377267923212e-02
8.739724913904367565e-02
8.814719476791210706e-02
8.726157206469231653e-02
8.868445766159616106e-02
7.968856942374591412e-02
9.480633594664944486e-02
9.019309589966206797e-02
8.302557314708602920e-02
8.447411711350583108e-02
8.955614049656246412e-02
8.939713247286118492e-02
8.639013161162556464e-02
8.469188068379229772e-02
8.797659703471960579e-02
8.958595809756320083e-02
8.906878690617647809e-02
8.153542181172579451e-02
8.542137676122163459e-02
8.210338390779947648e-02
9.043116933668515767e-02
8.879449545958484347e-02
8.483732237767405149e-02
8.600892706559370993e-02
9.111460243496483091e-02
8.766711178896213763e-02
8.125553603435520245e-02
8.598611727227034596e-02
8.416494364514226501e-02
8.105471036387257300e-02
7.961007592128932497e-02
8.485536970069151863e-02
8.183201207146406642e-02
7.871580235722686059e-02
8.482403001549354560e-02
8.156730183998783801e-02
8.447611808669586164e-02
8.468907005507209096e-02
7.820491379462357617e-02
8.423943728042238011e-02
8.533089822222850174e-02
7.737372258893071564e-02
7.400968057620416207e-02
7.549738406143469138e-02
7.615485080724782030e-02
8.027390472893458639e-02
8.089071582613682754e-02
8.367448914807695814e-02
7.903248351986913445e-02
7.522763218510586380e-02
7.874988122089343623e-02
7.486117431290240098e-02
7.699683927180245302e-02
7.658750473450870455e-02
8.150155320694996153e-02
7.223259949777327549e-02
8.104351440491730507e-02
8.004210523860877391e-02
8.028140045068055120e-02
8.443317346808654200e-02
7.640468811654466119e-02
7.493357461913641160e-02
7.796119397582323973e-02
7.786980141443267112e-02
8.134837574453179787e-02
7.764066641742617403e-02
7.514380650147423069e-02
7.821912789871643401e-02
7.864213678146747544e-02
7.774441568347323361e-02
7.528429487872301262e-02
7.301766490913530472e-02
7.714797214952329174e-02
7.236364766116409886e-02
7.448130296387700522e-02
7.682093262606703998e-02
7.442486308712392695e-02
7.363086190010104115e-02
7.163875288147603104e-02
7.931308989444840751e-02
7.211250958006487632e-02
6.889213068248500882e-02
6.986481168732405767e-02
7.957169231755067962e-02
7.092364645228521614e-02
6.745417768334938113e-02
7.584380253129907601e-02
7.619427339599293969e-02
7.785484353954064130e-02
6.975398071757332730e-02
6.517383578103663755e-02
6.965152462735346717e-02
7.204508485659910644e-02
7.163193166276904389e-02
7.360501024557297711e-02
7.027322566877569621e-02
6.851163826133355172e-02
7.114850938786887458e-02
7.080135433914402920e-02
6.574883403071196675e-02
7.085228940215737570e-02
6.886627256930144547e-02
7.098381727259617247e-02
7.421817412578868289e-02
6.903150783564182547e-02
6.672720259593523107e-02
6.820015180340643912e-02
7.091679774129489022e-02
7.454591455961356861e-02
6.690090940058668334e-02
7.180044269569030302e-02
6.976311896664411094e-02
6.911593451889552764e-02
7.272873303891835839e-02
6.685115146939712982e-02
7.162329055623495311e-02
7.089160125391191780e-02
6.052262816492037789e-02
6.648652403264709854e-02
6.843689439704869759e-02
6.633773728026637340e-02
7.251174101568225172e-02
6.822887523404574939e-02
6.776273745249550284e-02
6.559954764126929572e-02
6.616802040866920365e-02
6.364431091692923648e-02
6.868416980852687370e-02
6.552014487574397972e-02
6.711193082718092118e-02
6.551331599697696184e-02
6.219065563617520720e-02
6.539907323136795458e-02
7.258199136206766600e-02
6.657140852801224362e-02
6.715618956671354223e-02
6.577169951526817826e-02
6.362323139559011853e-02
6.371030462819216034e-02
6.314852985787866579e-02
6.208701334088417845e-02
7.178763978416236036e-02
6.179088741353722103e-02
5.651340616858102628e-02
6.190928797053674160e-02
6.370163261958405876e-02
6.576388611152228503e-02
6.075860491446005707e-02
6.043838685765912100e-02
5.691745796906000354e-02
5.754634234335442855e-02
5.801224146844574658e-02
6.636916956218008590e-02
5.741946654213248014e-02
6.005219470815514882e-02
6.363766229389844487e-02
6.180151765540775610e-02
5.989133971112947652e-02
6.024169599043127654e-02
6.355397324711786755e-02
5.949549841251944304e-02
5.986589960095034524e-02
5.769436945423911389e-02
6.130656975978787671e-02
5.669424662117350522e-02
5.697483507102230060e-02
5.815763801901108199e-02
5.738232856881808619e-02
6.019031923424111863e-02
5.988524644460213597e-02
6.009291465283539413e-02
5.645989606607104694e-02
5.799153078653584981e-02
5.460487848257067345e-02
5.397269050237107901e-02
5.508319662494864932e-02
5.796118619289380991e-02
5.571822825738792506e-02
5.604561539193186892e-02
5.633203758732918676e-02
5.369233906708548165e-02
5.783806610138697568e-02
5.574447211747879383e-02
5.418774575995444209e-02
5.324490292552930271e-02
5.670294907241546500e-02
5.478891461367263460e-02
5.443147313813045951e-02
5.287601210944281593e-02
5.297795705066710159e-02
5.925098042119159025e-02
4.711753813872310293e-02
5.361325824511153915e-02
5.475780335425772805e-02
5.020162110877246509e-02
5.543563842336896030e-02
4.545259885574581826e-02
5.036942891646811749e-02
5.622623242196778115e-02
5.359776365986856916e-02
5.226509598344053487e-02
5.559390722323798162e-02
4.925927706413302243e-02
5.637683158945094863e-02
5.319273549774428123e-02
4.821241788012275986e-02
4.660912054732735399e-02
5.114553761864570891e-02
4.945939456229253572e-02
5.110529072243785720e-02
5.060038484300111161e-02
5.296683114512312773e-02
4.995739376182795066e-02
4.374024339860782540e-02
4.671704823840727716e-02
4.950513717874016617e-02
5.045692328180317876e-02
4.955271273384609376e-02
4.905122542905571148e-02
4.855272902506835297e-02
4.780638945772452963e-02
5.066505907179064128e-02
4.672645652686302498e-02
4.577730666001689208e-02
4.673978763533026548e-02
4.716136140895021978e-02
4.830289149892552647e-02
4.751389035790909432e-02
4.648264605500529445e-02
4.729417225318255369e-02
4.196227717171463478e-02
4.455257193900608037e-02
4.714721943906352575e-02
4.391216687763610516e-02
4.289425804673741016e-02
4.158125235688026056e-02
4.481481563789080358e-02
3.881957392402179963e-02
4.747642809436147804e-02
4.576394136770789434e-02
4.018422409358457514e-02
4.400350558946652946e-02
4.060558138574488218e-02
4.126296874219625987e-02
3.426097523823934399e-02
4.607844322048926244e-02
4.007568733791899707e-02
4.320040920055945310e-02
3.978551974044230999e-02
4.548988893937166988e-02
3.787259624496919219e-02
3.544184074848300003e-02
4.173672721287535747e-02
4.150666309974515578e-02
3.870472157348348041e-02
4.110069535994387291e-02
3.947390988990617799e-02
3.914895032192766688e-02
4.322321380462401663e-02
4.069503122422102326e-02
4.094823044712903037e-02
4.153814532032440443e-02
4.422948062592912954e-02
4.233521415673535682e-02
3.704294370561100891e-02
3.702024597132969053e-02
3.423081892030876983e-02
4.087306812271285228e-02
4.424924114405504039e-02
3.675917134002781861e-02
3.477119435932851665e-02
4.200074812258591805e-02
3.559770621212121622e-02
3.832192519261834462e-02
3.730014424258876193e-02
3.681660897254857012e-02
3.251663394168191612e-02
3.312841745763062118e-02
3.854322816952626685e-02
3.310641222070087597e-02
3.481943924586261563e-02
3.446844094355216992e-02
3.207152630003762273e-02
3.495479586290339835e-02
3.593565941441501099e-02
3.586514756867464904e-02
3.960985767313063288e-02
3.257804168559397251e-02
3.412924235849312815e-02
3.307697842830237267e-02
3.593461519168805740e-02
3.344833696999627293e-02
3.029314238868285880e-02
2.989490206920819571e-02
3.056424890749487311e-02
3.268985093663456798e-02
2.931403192572401561e-02
2.700009945369219455e-02
2.832952502443364384e-02
3.530682988060551697e-02
3.107837804166169171e-02
3.208620852734933582e-02
3.273889288947817722e-02
3.036745211106628428e-02
3.071492025764532841e-02
3.065123502037059300e-02
2.932996237360430136e-02
3.341907364155805027e-02
2.688601259442902069e-02
2.816929497961595530e-02
2.728449183436720826e-02
2.979739616690513238e-02
3.015623651789856030e-02
2.712041678730947591e-02
2.957340536685360011e-02
2.974215875534613751e-02
2.684813822322384969e-02
2.922541832717162613e-02
2.644747272552783190e-02
2.891342899786464304e-02
2.887166578130995198e-02
2.930304576751996404e-02
2.642462087015540195e-02
2.519871141203033904e-02
2.859668066735332470e-02
2.848815628912448883e-02
2.453224871094461523e-02
2.407935441066599846e-02
2.638921009652639427e-02
2.637012790409165586e-02
2.596408907048142201e-02
2.588595625554857005e-02
2.304595205025650184e-02
2.275411814964345414e-02
2.650234514982041656e-02
2.521791953687768650e-02
2.136552643910993865e-02
2.564500670940084159e-02
2.274326585847741278e-02
2.251313186639714026e-02
2.200890588424242456e-02
2.170681625578330110e-02
2.618112565766894662e-02
2.074198162208173990e-02
2.097466077939658113e-02
1.960854440261317055e-02
2.264277447435114610e-02
2.662133169690783507e-02
2.006313807511550529e-02
2.190816886755253545e-02
2.478654305796024193e-02
2.120251674590778457e-02
2.019537282403482958e-02
2.413753903065585238e-02
2.174248543592705030e-02
2.142012882242638749e-02
1.851730656323058444e-02
1.887438671474273022e-02
1.844298287576162654e-02
2.229718154821791476e-02
2.059669223322391218e-02
1.675748691233136523e-02
1.871095196764227531e-02
1.956680979020186673e-02
1.575357215887274176e-02
2.042942054175833633e-02
1.943028257405798875e-02
2.262309527362138528e-02
1.975590501220625406e-02
2.168170595680274371e-02
1.836537632655133034e-02
1.920533746483332749e-02
1.781684230747815345e-02
2.100128504437448473e-02
1.896239929631426957e-02
2.051259049074183327e-02
1.901369836753186160e-02
2.004834372713670820e-02
1.860129588125836175e-02
2.016570017308694229e-02
1.729619954653782710e-02
1.984186287113165470e-02
1.931172290908811373e-02
1.552564105355713764e-02
1.837836232872647191e-02
1.664391115649510589e-02
1.826897630704238384e-02
1.526190147441286449e-02
1.820805326790742029e-02
1.509916533237254388e-02
1.523005084202055937e-02
1.739347087296416738e-02
1.482270623468373572e-02
1.149082878270013541e-02
1.673545603318105091e-02
1.670480948053820747e-02
1.560555447276079644e-02
1.520349137739851475e-02
1.595403160856945224e-02
1.348914651194921266e-02
1.552705197213499755e-02
1.576864219580542681e-02
1.573169657849404768e-02
1.576843117759174628e-02
1.261738314234495117e-02
1.486798491366358999e-02
1.262201529210804640e-02
1.763269951577195460e-02
1.289184262448106466e-02
1.279887096821286097e-02
1.488716585420990501e-02
1.682951779398467185e-02
1.473683709817819043e-02
1.303177733645222158e-02
1.284133636322937200e-02
1.391918263099833908e-02
1.139606811623161686e-02
1.291460802194910329e-02
1.252717639240419345e-02
1.199295949244005843e-02
1.017531096139867586e-02
1.371313431926546311e-02
1.293691027497645418e-02
1.257991548455394959e-02
1.034318300932557388e-02
1.212232782549649279e-02
1.202106346550857463e-02
1.359702939908580266e-02
1.155342492401223442e-02
1.100945137284903286e-02
9.641164089240872315e-03
1.083187915957617431e-02
9.703937866633149945e-03
1.384012237713549975e-02
9.692789210919650067e-03
9.431783845207486472e-03
1.040836874702588677e-02
1.240993997643136115e-02
1.153338817474558464e-02
1.071945963516707234e-02
9.655285327405116469e-03
9.032945586837093366e-03
1.071054900539747390e-02
1.125876211162490925e-02
8.926242874022438656e-03
8.616113299079075638e-03
1.006895761961112967e-02
8.987939015741908122e-03
7.366286609302608035e-03
8.655002986672433174e-03
8.956322186740472979e-03
9.834255835752148123e-03
8.787787942327596191e-03
8.465186256387924324e-03
9.450200499066307991e-03
9.832514561907368389e-03
9.147058266977148300e-03
8.118729717103145838e-03
1.015639577626292755e-02
7.523190699623483191e-03
9.257946031863917291e-03
9.854828323974995641e-03
8.783511974494340180e-03
1.144466866912619007e-02
9.353661949679237253e-03
1.011857184222353379e-02
8.302254327721914073e-03
5.652823886416413757e-03
8.921317297910569266e-03
9.824679045366213614e-03
7.637437988185946658e-03
8.650150944067180880e-03
1.027818448871165025e-02
7.615347783787806968e-03
6.726214288650278483e-03
5.549834622070148882e-03
1.088639657542411765e-02
7.257359767928295291e-03
7.221120106163936292e-03
7.150894608970781441e-03
8.412649043817777006e-03
8.375873784575271763e-03
7.261299115251085290e-03
9.303986568103717048e-03
7.254489697508970103e-03
5.328983542975618271e-03
7.215718702796469763e-03
5.445212060747883775e-03
6.119027458957426724e-03
8.315816733482139789e-03
7.211583377317754007e-03
7.012308213337203888e-03
7.576526066061295417e-03
6.815580381894226214e-03
6.657097238068510059e-03
7.395754840867962976e-03
6.019863929238478129e-03
5.402725401803087912e-03
7.224472695107175824e-03
5.452164081571897469e-03
5.663097200198752290e-03
6.188566824436914082e-03
9.031259635630339844e-03
7.346150293579989388e-03
7.883480356434935388e-03
6.882909707728868121e-03
6.711349597216753615e-03
5.444370027173239812e-03
5.156296807386273606e-03
7.580827089662123264e-03
5.136867296077762823e-03
5.202569428160885856e-03
5.174584386952285620e-03
6.880191408536573405e-03
4.976577324804276614e-03
7.231050469094557620e-03
5.082549471859043599e-03
5.396481451895307480e-03
5.600779685748680237e-03
4.421302429842288717e-03
5.301379047842336156e-03
4.711468696008913604e-03
6.959772404262487555e-03
5.858005536423904758e-03
4.506645899231442876e-03
4.984434958914540914e-03
6.171581571917772457e-03
5.173893164782783494e-03
5.808968522286961367e-03
5.423709040754176591e-03
5.297702927699265985e-03
5.326231065728159741e-03
5.890485748567209079e-03
4.633779779746327598e-03
5.120774182592491286e-03
5.366578096183793889e-03
4.665876675711388977e-03
5.085687699196816958e-03
4.709109149651835580e-03
5.331838616302264633e-03
4.841888115641457269e-03
4.477217738174998907e-03
4.646796564940269825e-03
3.510960084036951478e-03
4.312389350160983348e-03
4.280022868756172549e-03
4.240388324398103315e-03
3.040034153360848812e-03
6.180518840619098064e-03
4.318977315332039879e-03
4.375216434926776365e-03
4.112852290311108661e-03
3.866829801734028571e-03
4.571475546427006265e-03
3.597564178048684447e-03
3.603034409118799353e-03
4.125599973520244212e-03
2.777327964480158506e-03
3.134654333707964646e-03
4.138382735584644756e-03
3.849407145798622309e-03
2.126500265466013673e-03
4.148079178673214074e-03
4.644273161844014730e-03
3.318573934747770515e-03
3.083336466470076864e-03
3.677674695948263128e-03
3.084050767332757736e-03
3.770998813190762355e-03
3.896368103780023517e-03
3.002663595709442745e-03
4.560576042142772124e-03
3.769668393664438177e-03
4.231219065480407160e-03
2.752523744864121547e-03
2.975547558712876572e-03
3.404371112231019403e-03
3.781094476137725202e-03
2.544251465289026903e-03
3.495429405868555328e-03
2.524293444574832179e-03
5.341061798846302722e-03
3.234206970362918376e-03
2.680327763983192391e-03
3.154805615711020472e-03
2.206873121606833799e-03
2.949281232999534375e-03
3.065891004526366537e-03
2.727968611869413529e-03
3.445398787429554410e-03
2.823512314175546933e-03
3.473947649802688886e-03
3.915251761619109594e-03
3.715083103859817548e-03
1.891473296359968970e-03
3.055667477660617415e-03
2.426035231733014719e-03
4.124158516688347653e-03
3.179372481969644504e-03
2.951386413642231865e-03
2.513111336134188356e-03
2.594230073669878678e-03
2.972812844176830893e-03
3.119000357249546163e-03
1.546817849893522556e-03
2.297137306661922729e-03
2.554918563602903703e-03
3.565824392733896175e-03
2.896009037896996041e-03
1.746971728708079930e-03
2.759668710025864335e-03
3.112041227811390698e-03
2.175450133258705065e-03
1.725350335678110802e-03
2.096279934421629854e-03
2.313271434131292104e-03
4.393624430712894657e-03
2.545935023957168752e-03
2.332395381934970757e-03
2.648334469487534371e-03
2.063690222568692612e-03
2.084333803009097430e-03
2.523982587220974239e-03
2.110448835163869497e-03
2.286107620998456547e-03
2.172561359545910342e-03
2.070894925549571219e-03
2.683321253629578074e-03
2.496258899405412457e-03
2.496936392286763784e-03
2.554315482896529765e-03
2.565990253885153116e-03
1.689568108750205688e-03
2.357698327541402072e-03
2.049557441368698996e-03
1.396476897684739704e-03
2.188370090998037476e-03
2.239128791232336546e-03
2.561179800144919305e-03
2.204800658093586385e-03
2.085478725895706376e-03
2.605281683780380497e-03
2.508939270374210828e-03
2.997703925590289309e-03
2.166066057200044526e-03
1.636052984787306208e-03
1.994124123838925122e-03
2.824313692090463235e-03
2.342596293021137477e-03
2.535248041486859449e-03
2.697387686606433910e-03
2.008816433260007805e-03
2.389029856060598256e-03
2.836249964025872039e-03
1.541846978715732952e-03
1.952236239493587711e-03
2.039329279582502430e-03
2.187420105580151208e-03
2.540966495266139269e-03
1.725795058478585275e-03
2.402199697933982137e-03
2.036521811403568805e-03
1.726297909316554247e-03
1.781999056542749038e-03
1.537227927232431846e-03
1.616271544710667918e-03
2.939945079040051645e-03
2.203061635309810917e-03
2.440546238654639488e-03
2.182027459088353716e-03
1.708536157585816007e-03
1.588764040643120268e-03
1.529332705275998627e-03
2.448277702675416556e-03
1.496102969043566766e-03
2.138427468059700409e-03
2.061683213855247665e-03
1.699211786942655955e-03
2.020538477690458912e-03
1.380772055142309718e-03
1.795074588921141689e-03
1.659597322756001248e-03
2.336879292790139395e-03
2.162052356724397661e-03
1.823598265911274829e-03
1.534800153079385332e-03
1.746958950272325950e-03
1.789949046798189336e-03
1.909007977342058737e-03
2.007746103807606097e-03
1.501750360116127503e-03
2.408109164834026927e-03
1.302628188007415311e-03
2.244632373333388387e-03
1.730431971476042996e-03
1.925003411322512292e-03
1.680345819629169846e-03
1.605999221562792734e-03
1.558268399799889181e-03
1.429803483505409645e-03
1.511649300339201751e-03
1.934358298086746863e-03
1.732226064754760486e-03
1.626354028223420123e-03
1.415351624766358896e-03
1.622591261538075535e-03
1.688535327362239435e-03
1.354380415874101296e-03
1.565772377317586894e-03
1.579598560112027705e-03
1.655192979339692450e-03
1.878019892098792276e-03
1.490792254610018297e-03
1.318189808320879841e-03
1.661773489434970053e-03
1.683624285429119460e-03
1.787232258583903999e-03
1.980044719304685508e-03
1.118130979084308585e-03
1.521150969569950995e-03
1.624793980207317468e-03
1.371389826253177624e-03
1.729351436084436422e-03
1.454456486233435264e-03
1.544949873753420633e-03
1.363430865458759023e-03
1.593536433353137660e-03
1.419952993101936123e-03
1.936518418016341947e-03
1.435589283520055659e-03
1.264609447705566936e-03
2.191413364667327279e-03
1.200020414803160129e-03
1.328197057119839819e-03
1.139153473685872164e-03
1.627664058004296699e-03
1.317201782414678668e-03
1.525910608870861829e-03
1.359415317814138824e-03
1.257030946046122644e-03
1.580286135102526579e-03
1.307236392272259629e-03
1.352569510737366976e-03
1.452685184208046820e-03
1.414037244611754396e-03
1.846523129962696075e-03
1.118641007829102030e-03
2.105950692325442297e-03
1.441423191377189106e-03
1.548812156841550269e-03
1.454182790700975225e-03
1.860920267561572139e-03
1.275471010304563002e-03
1.575911188858247769e-03
1.125940607048070419e-03
1.453426911244171116e-03
1.554736727015115783e-03
1.429257436914244117e-03
1.370669469325291878e-03
1.257830407499382908e-03
1.271606981743222953e-03
1.342625683825260374e-03
1.125141469923929272e-03
1.528166219159410311e-03
1.111638350931642982e-03
1.131590964238204933e-03
