3.202982597008976473e-01
3.212192911904010462e-01
3.213694072770648669e-01
3.269020139879814657e-01
3.242057275240775027e-01
3.204656327591179910e-01
3.200079971234250920e-01
3.251243570365798252e-01
3.143852818922165948e-01
3.175843438811046804e-01
3.153787237020730938e-01
3.139109396366532856e-01
3.175450281800799024e-01
3.299858225176411919e-01
3.166347104813755919e-01
3.193293731038885364e-01
3.209848478852423970e-01
3.174746113672810566e-01
3.171068346570663499e-01
3.177819490623655652e-01
3.113380287460268958e-01
3.181923273918766393e-01
3.220510998015114756e-01
3.153590794458089874e-01
3.221565691833672140e-01
3.186225801575879313e-01
3.109803835179871800e-01
3.135864447080358719e-01
3.173254693898993617e-01
3.168595625870997967e-01
3.198655167477197914e-01
3.151364054498426714e-01
3.244577589459047839e-01
3.186965683403115701e-01
3.161872836760595273e-01
3.168918282313520907e-01
3.170270468167255551e-01
3.223232600544747584e-01
3.176529026449415039e-01
3.164884826472424972e-01
3.177612670891883928e-01
3.171886973418871492e-01
3.165427849347848266e-01
3.092276998024000578e-01
3.157054910470504794e-01
3.182188752913301943e-01
3.249153998886111783e-01
3.133657337672988152e-01
3.195153776033086146e-01
3.178269620773603865e-01
3.113069620268392734e-01
3.140860393026427833e-01
3.171148477657110831e-01
3.202702480871568724e-01
3.128854613028423381e-01
3.084190692180598381e-01
3.124564387441483015e-01
3.048746679286709060e-01
3.098165703896518242e-01
3.232824456741583141e-01
3.274448307222761478e-01
3.135949731595261136e-01
3.194876417488264897e-01
3.106959060739334921e-01
3.107478196078854449e-01
3.053496288208572551e-01
3.230365532196961542e-01
3.243651040378530137e-01
3.191850248861427541e-01
3.192813626527664095e-01
3.178757608402318358e-01
3.188172996079233767e-01
3.236005625824375231e-01
3.125796196381755987e-01
3.280151003793856379e-01
3.078152784739566217e-01
3.165767370977474737e-01
3.225371486048999037e-01
3.263096245137575568e-01
3.070656979006347598e-01
3.181775049616895057e-01
3.142879193918103331e-01
3.117047918503184079e-01
3.080483627673076263e-01
3.134394673822169519e-01
3.138801578638190648e-01
3.176454225362516093e-01
3.174747746019802586e-01
3.149174393855743714e-01
3.169423857199041850e-01
3.099181915359607853e-01
3.118191622645913874e-01
3.108567985905251740e-01
3.061726952069160346e-01
3.153919612822115859e-01
3.156821350464181775e-01
3.155865465430617300e-01
3.179094512914769632e-01
3.148809145766673367e-01
3.038195359741381329e-01
3.148046806505100381e-01
3.155110469094063452e-01
3.124157965553240324e-01
3.119844058428317135e-01
3.140287087959535706e-01
3.060143767083730593e-01
3.135559709162712982e-01
3.074293342921256000e-01
3.152722501901318308e-01
3.072938707892440835e-01
3.120925623058672382e-01
3.018794157963649027e-01
3.138520631888003232e-01
3.137054831307917180e-01
3.063229617687943662e-01
3.059681951198117700e-01
3.104724150232003321e-01
3.019464260096531572e-01
3.059615920956330060e-01
3.106055486672302246e-01
3.009872676878293518e-01
3.126962442945384613e-01
3.198993551504325517e-01
3.152477997804483678e-01
3.075089006224650534e-01
3.113966077815568667e-01
3.179110296004145075e-01
3.091134546943045125e-01
3.128700992546292747e-01
3.092881918865032498e-01
3.120961301232207941e-01
3.099663825347440671e-01
3.099510485276560923e-01
3.182918485468029246e-01
3.186626394270308804e-01
3.059006879221002340e-01
3.147196470433554216e-01
3.223138334698004703e-01
3.014849999068253128e-01
3.067227580739305681e-01
3.029316392200401831e-01
3.113319868485675546e-01
3.075414455198148822e-01
3.059758442302330517e-01
3.069685120796691313e-01
3.095313828125473288e-01
3.106942104926803117e-01
3.188283974549837030e-01
3.056321005031701343e-01
3.067974321493885936e-01
3.152098445300237639e-01
3.052518017179781662e-01
3.018915586581680799e-01
3.048876919065267588e-01
3.001324927534181342e-01
3.041496321438198480e-01
3.105506195331506625e-01
3.058268487536646152e-01
3.137041994319601512e-01
3.031606200279652885e-01
3.123260275344301728e-01
3.102045945770131041e-01
3.123069580780456489e-01
3.136728712176115597e-01
3.104127136199505976e-01
3.166396114736029777e-01
3.139936752958920607e-01
3.059403819123525103e-01
3.074580340059746009e-01
3.075146630431825345e-01
2.938704258888898968e-01
3.164346527842517576e-01
3.067841685729003620e-01
3.058683003227297137e-01
3.026493540189253428e-01
3.048245806668447022e-01
3.110790171068853471e-01
3.101981280305596833e-01
3.069428529668880579e-01
3.078502674417479268e-01
3.115294142875677519e-01
2.852201760521955176e-01
3.139152070262671845e-01
3.104308860979763107e-01
3.116679556236429116e-01
3.060203960525466060e-01
3.026785558005655741e-01
3.123284771608452193e-01
3.055812572925947768e-01
3.047183567131176440e-01
2.998336127114127336e-01
3.038944116865802680e-01
2.965619672784846061e-01
3.040739134311821745e-01
3.103013508980861923e-01
2.987596825650091770e-01
3.088670942879022663e-01
3.076857290671093370e-01
3.078350474971042194e-01
3.211306774577483703e-01
3.021564394215949800e-01
3.180598305539663606e-01
2.980973435683953454e-01
3.091759836943659412e-01
3.124795733053736813e-01
3.077140438887047136e-01
3.116720745311747365e-01
3.035344237052347571e-01
2.999809928500208889e-01
3.061184926170363862e-01
3.071874047281838438e-01
3.005270812703153549e-01
2.937685231274678177e-01
3.071444641195618663e-01
3.103581325258775170e-01
3.091449429382553404e-01
3.041620421908575178e-01
3.055266443526820641e-01
2.968456427296718436e-01
3.010587629364179785e-01
3.048965686312162804e-01
2.993826575369222809e-01
2.994441854407168258e-01
3.012142071761874096e-01
3.130759023466592739e-01
3.013703868553270215e-01
2.921837634454185206e-01
3.057398299781968198e-01
3.074931538359169103e-01
3.028400009199045950e-01
3.069276858343000791e-01
2.962834422128259870e-01
3.008446353997084044e-01
3.030305950826052142e-01
3.018651657834994229e-01
2.943714104124235398e-01
2.949241666113951998e-01
3.134284332887498081e-01
3.042008464949382818e-01
3.023247371971039543e-01
2.987315823481938581e-01
2.982341303039267588e-01
2.969457078244989168e-01
3.004925878268895900e-01
3.039737524347271291e-01
2.941253225854985054e-01
2.881119944771279862e-01
2.885875479819574041e-01
3.105727623430294404e-01
3.113485503036392821e-01
3.025767088866090360e-01
2.979661181211724630e-01
3.015663878050776070e-01
3.045023585940652699e-01
2.969334734386377406e-01
2.986446212554983992e-01
3.000408954069436751e-01
2.984128831146539707e-01
3.118019643740963520e-01
2.941132408742683779e-01
2.964797983449030117e-01
2.985986687737812728e-01
3.037329686585967803e-01
2.954551088018124716e-01
2.932152212270653369e-01
2.975974922803417133e-01
3.000614447087012193e-01
3.020259047291438126e-01
3.018638930246132501e-01
2.937073758409217694e-01
2.951268735586782821e-01
3.060558658181253833e-01
2.944736069495499375e-01
2.925268004768520891e-01
3.014059888354878591e-01
3.057319565452856214e-01
2.947236952163617696e-01
3.034783554759147295e-01
3.076720965597665725e-01
2.926465402471412069e-01
2.995143270717417483e-01
2.955462107557070839e-01
2.961316464033099116e-01
2.984679590722842946e-01
3.024697325462520903e-01
3.084850622395820530e-01
2.951639314413173620e-01
3.111409545937224852e-01
2.977353137727445365e-01
2.961953960559995380e-01
2.953236853877857504e-01
3.038586427802753009e-01
2.964514490918080947e-01
2.999315188305735624e-01
3.010803639368101470e-01
3.002304345057739132e-01
2.952724360252235725e-01
2.912827395101007522e-01
2.905248803496037757e-01
2.984333027082172185e-01
2.923299044016973713e-01
3.032367698387040678e-01
2.907677912366101181e-01
3.025916190148753016e-01
2.906260271022429453e-01
3.030499884862331017e-01
2.952529467026083765e-01
3.005677826766151028e-01
3.007264834769771689e-01
2.957445905684688015e-01
2.947213488670874515e-01
2.981104801683117644e-01
2.995308836764183358e-01
2.962593673267518435e-01
3.024071488369134419e-01
2.966136879392726744e-01
3.002550027652575171e-01
2.945224923429063946e-01
2.905639553923582419e-01
3.002114739341474881e-01
2.907711558610133196e-01
2.886622182097371425e-01
2.998959054591269213e-01
3.122206361313526468e-01
3.052020431868818218e-01
2.994779650994279230e-01
2.921469028959701175e-01
3.026461250204869335e-01
3.043714346827113282e-01
2.990475381519838161e-01
3.071863199662483446e-01
3.065925446645114683e-01
2.870701874748926574e-01
2.971816459958476209e-01
2.859162669169480475e-01
2.932975137155648948e-01
2.907495806888751311e-01
2.894283848763331557e-01
2.998393875949161291e-01
2.961371161387733597e-01
2.945645222095960580e-01
2.948354221045446089e-01
2.890495961517411949e-01
2.921416500144671247e-01
3.014020112795809947e-01
2.907520795770894839e-01
2.969190807367618756e-01
2.901114918071209248e-01
2.911983222853258280e-01
2.957689281466236997e-01
3.053860910159508224e-01
2.954375778286219001e-01
2.905117297624693062e-01
2.934628185942464995e-01
2.978259968818565140e-01
2.906108747585817165e-01
2.932676583868315534e-01
2.939436256639545997e-01
2.939213842073709060e-01
2.953591804683636246e-01
2.919427114006921675e-01
2.910721599903468571e-01
2.843461161555305150e-01
2.984481087336211536e-01
2.857767564819044814e-01
2.891476505537874386e-01
2.906996245843067594e-01
2.973158949548216912e-01
2.945833955376667701e-01
2.881903179853367858e-01
2.963248294309952513e-01
2.952332604949605699e-01
2.900360304574175485e-01
2.985046049431759885e-01
2.983274661412693707e-01
2.834362792936724329e-01
2.916315892592409309e-01
2.902108718522944386e-01
2.971762363193497514e-01
2.957757521501889197e-01
2.892125908019925751e-01
2.981570901939458729e-01
2.943436558665100122e-01
2.918351565690104898e-01
2.927702477736047193e-01
2.900847015481903268e-01
3.025574626667362210e-01
2.879814852369587674e-01
2.892277562022715909e-01
2.909938670146049455e-01
2.929111325967033164e-01
2.917340099863472425e-01
2.918014495965300936e-01
2.929008468343108351e-01
2.883478655643662014e-01
2.881568878689304558e-01
2.862893805294759453e-01
2.896751884210704286e-01
2.834035054575736456e-01
2.867625763469793254e-01
2.904449490662824873e-01
2.990424512265321688e-01
2.811175062235570232e-01
2.918479253557192399e-01
2.968074418527593128e-01
2.774564366066976095e-01
2.853777436068067885e-01
2.869686034297923571e-01
2.849355479561530569e-01
2.829874008932873330e-01
2.873719188695589288e-01
2.883180934531438533e-01
2.935869265008895779e-01
2.831978125376350963e-01
2.888704041805523204e-01
2.935449754394229283e-01
2.898774415184914854e-01
2.892723433129087418e-01
2.852568630948962847e-01
2.908175224524877089e-01
2.885366527199502151e-01
2.877734959641310430e-01
2.929203732494549683e-01
2.885427568956109301e-01
2.801200152494276452e-01
2.945856628619787365e-01
2.869886561612897680e-01
2.899911983692388118e-01
2.958362814506503291e-01
2.847147782236761904e-01
2.872621674666981928e-01
2.869524571285679837e-01
2.829709520434261494e-01
2.887686069900063934e-01
2.840377708384024258e-01
2.846219063122295001e-01
2.763302730465160284e-01
2.830682591856080732e-01
2.877269322318637412e-01
2.840078704661680442e-01
2.820258715458657806e-01
2.814440711224648339e-01
2.915922038028062602e-01
2.980850286710405861e-01
2.879152327714171733e-01
2.907288046185643182e-01
2.743106411668154720e-01
2.876777846889031487e-01
2.849685887282356056e-01
2.805937617128564376e-01
2.741601531620581067e-01
2.871342349430739960e-01
2.854176411778450717e-01
2.782599285195329619e-01
2.922249567417792848e-01
2.781482189134992788e-01
2.898767199720208021e-01
2.898331629364643280e-01
2.862989430336306818e-01
2.856096379003536523e-01
2.898903623032543786e-01
2.883421582750462786e-01
2.750894431759243197e-01
2.845148848362232252e-01
2.847996765618876491e-01
2.791989888709223155e-01
2.816840333680339370e-01
2.785494133405502781e-01
2.791690021430581758e-01
2.827171356448212602e-01
2.827495221281365323e-01
2.841533475160746836e-01
2.771771884066306368e-01
2.777432472250757067e-01
2.806539526646929517e-01
2.768732790394896615e-01
2.833868714056018145e-01
2.804598804211280161e-01
2.983933982027358045e-01
2.825325437693815278e-01
2.779482287467631707e-01
2.885495560958417638e-01
2.870881737588710791e-01
2.782049216241005984e-01
2.831671502404395913e-01
2.838838392891595008e-01
2.835809761096683701e-01
2.792506133468373175e-01
2.776830987892324742e-01
2.762632517489105322e-01
2.780579874927332495e-01
2.793540297672877371e-01
2.797576634633560655e-01
2.743853737831724038e-01
2.914956349393892365e-01
2.800263765731153542e-01
2.776286630164106484e-01
2.811618436573581903e-01
2.801731600817154444e-01
2.783112160461236329e-01
2.880166851460036481e-01
2.863479984090838704e-01
2.711495717082161860e-01
2.877244918041168553e-01
2.749134847748775368e-01
2.800897883269295452e-01
2.825706901172634344e-01
2.812791223875231728e-01
2.903210735887553628e-01
2.767868988556845267e-01
2.820668713185243703e-01
2.787831796070612267e-01
2.809998704327942853e-01
2.808875141397544350e-01
2.800049375438131705e-01
2.848133625886759557e-01
2.808967047190176203e-01
2.692394847297510108e-01
2.788005248372554812e-01
2.791625688606946820e-01
2.736093582862967333e-01
2.825442311112181804e-01
2.741354827228283941e-01
2.732962033287089643e-01
2.827906426814155161e-01
2.790091215873103936e-01
2.752620374007261894e-01
2.846150953584828391e-01
2.864275793739972098e-01
2.670286344402166279e-01
2.809993090205159527e-01
2.854769750018024688e-01
2.883925832913765142e-01
2.796947781029985869e-01
2.805830401173370348e-01
2.783910192935252770e-01
2.769348435122865881e-01
2.773488877531087304e-01
2.779837235989219835e-01
2.774836569236210915e-01
2.864356265263068302e-01
2.666909314287377875e-01
2.738717702939901244e-01
2.777485891424776865e-01
2.742491766008601228e-01
2.802695364861302885e-01
2.805651165449631890e-01
2.854795662583137217e-01
2.710625636666980087e-01
2.833757133607027745e-01
2.731097813308607236e-01
2.796251763136443635e-01
2.814375337612529115e-01
2.747814912064530102e-01
2.679654827825543872e-01
2.802867155732273741e-01
2.669315660606745855e-01
2.775811809039948619e-01
2.774769561295244991e-01
2.721601937433579810e-01
2.736163778377980194e-01
2.767393005946757745e-01
2.806510410333281635e-01
2.834966919238951499e-01
2.778521963755495872e-01
2.807089416190481357e-01
2.770866926660644491e-01
2.742736686305101701e-01
2.757377592791723231e-01
2.793543290834870074e-01
2.696516645399156253e-01
2.664822512317405190e-01
2.715926717191071704e-01
2.730137224339843627e-01
2.748604906272724691e-01
2.815364918864514676e-01
2.606119441940980552e-01
2.746476400920501160e-01
2.732051635231100839e-01
2.769158585219773094e-01
2.770614196010844354e-01
2.712637215941535729e-01
2.611906579135818696e-01
2.777140980562939898e-01
2.783055884997153173e-01
2.761302881059277681e-01
2.637992626122139805e-01
2.818510300445191685e-01
2.743703174784216658e-01
2.686470065218248271e-01
2.719746939316743939e-01
2.668380343529479504e-01
2.722584158851184544e-01
2.780262154516107698e-01
2.724780482206686782e-01
2.731678488216041645e-01
2.688927969422137965e-01
2.670256579911370887e-01
2.716308454473048695e-01
2.688510717408323369e-01
2.764968973599322144e-01
2.702668453973959828e-01
2.691730133812417769e-01
2.650692012314346258e-01
2.704142370492397252e-01
2.668130241683970283e-01
2.723953292950265226e-01
2.777975369639034131e-01
2.661950891135123065e-01
2.659149643200567903e-01
2.722884503040593485e-01
2.680270786209180134e-01
2.738659340346770721e-01
2.802687423185262761e-01
2.659440548988998287e-01
2.806756608001752529e-01
2.722816773285972047e-01
2.717301183984723867e-01
2.646923471260234084e-01
2.730377403892307875e-01
2.678755721434263881e-01
2.687645977620893856e-01
2.754149094719302582e-01
2.726930631171201602e-01
2.733600093097156014e-01
2.720233605052798653e-01
2.721238849985649910e-01
2.862002436258224147e-01
2.730681707860442842e-01
2.685330249488909748e-01
2.695456507924233192e-01
2.730394668501356925e-01
2.678089064041195844e-01
2.609647283758668168e-01
2.658197755906075432e-01
2.623256418277502000e-01
2.767741598183961482e-01
2.736713884054360335e-01
2.723166935794928412e-01
2.702101054794057156e-01
2.633816511789708326e-01
2.639045573783547205e-01
2.836257601862033351e-01
2.784303270178281053e-01
2.622209579791510148e-01
2.706471552927997015e-01
2.686954559547530819e-01
2.651881325193904404e-01
2.729460132181094068e-01
2.724227950511026730e-01
2.641676857390642397e-01
2.705950121192178814e-01
2.785017186354369345e-01
2.679616758249965258e-01
2.735160830433078782e-01
2.739035133787205423e-01
2.597872486888566090e-01
2.716802622115954691e-01
2.625032334061385697e-01
2.719832114137085144e-01
2.637680741702318477e-01
2.740183759143663966e-01
2.622657199201788858e-01
2.723710480952418189e-01
2.580885947159086147e-01
2.673362075795748805e-01
2.710854838528644617e-01
2.649475043226728888e-01
2.610986198495202082e-01
2.784981100738905813e-01
2.598690110892715177e-01
2.667207653966211511e-01
2.642332113379582959e-01
2.662721649702459725e-01
2.607483604556826151e-01
2.588871514748088964e-01
2.630512670127695962e-01
2.652560058236058671e-01
2.716575715682798542e-01
2.741067729666515351e-01
2.668891422384652712e-01
2.622603073645041194e-01
2.726563265175130368e-01
2.732693929674741007e-01
2.690007699062253455e-01
2.777833072564456218e-01
2.624461979076598839e-01
2.642212828143251091e-01
2.679120212254848532e-01
2.706535025311314069e-01
2.625745256385508819e-01
2.586961358316121062e-01
2.644108826502886700e-01
2.767536807359747275e-01
2.715382742802900928e-01
2.651962258082546375e-01
2.688204291792266609e-01
2.633748594902338702e-01
2.647179064246905078e-01
2.559964964913251650e-01
2.680029535613945857e-01
2.618389483047380839e-01
2.676561997878634802e-01
2.655683471920569083e-01
2.637414869672597417e-01
2.656129879989144182e-01
2.633385981751155125e-01
2.585143418715538655e-01
2.633979662951709821e-01
2.754973836257375019e-01
2.607159724389664923e-01
2.637593615781489431e-01
2.650850935095001581e-01
2.690143868708163577e-01
2.630001292950868708e-01
2.689871491866835385e-01
2.708369246418704801e-01
2.595747883515997501e-01
2.634778489740303709e-01
2.628400909402563990e-01
2.622445182990609247e-01
2.581849053630389523e-01
2.633403295795020416e-01
2.675033350700392054e-01
2.555036862426351973e-01
2.575388153612301334e-01
2.555877552711708356e-01
2.641613549084087520e-01
2.821635716756797363e-01
2.569826258705816269e-01
2.643332727297674767e-01
2.629808535847358852e-01
2.612902455655864431e-01
2.703624849512782369e-01
2.631488142857898449e-01
2.678642205424204281e-01
2.613497268399079809e-01
2.592578481324830930e-01
2.607718247498455044e-01
2.607291599948007299e-01
2.544604640141235885e-01
2.534269178168226944e-01
2.673028836178946710e-01
2.656798602909109519e-01
2.591537781851915856e-01
2.683346934739820888e-01
2.604774796057143238e-01
2.623994284552237932e-01
2.518320188863580888e-01
2.613845530090064262e-01
2.592660848780712346e-01
2.596128819711842617e-01
2.639877803043066962e-01
2.652717125162102896e-01
2.617009251393314084e-01
2.522942999044839318e-01
2.600964344245706439e-01
2.674535464338025914e-01
2.594346820416755239e-01
2.614544768936610808e-01
2.648377665753240962e-01
2.529605624888224824e-01
2.548519396937602988e-01
2.632202130581591248e-01
2.585628373976391892e-01
2.509311981853650231e-01
2.754808002258966049e-01
2.609716639810579775e-01
2.523589042456437781e-01
2.511204054648198403e-01
2.558410491853326807e-01
2.559761168056722269e-01
2.592014942000899769e-01
2.611420062340710224e-01
2.608749194599373489e-01
2.606149769583310238e-01
2.608685770933347747e-01
2.559852101253794476e-01
2.492929338740333955e-01
2.513157567691137739e-01
2.635832075559682020e-01
2.570214580505852942e-01
2.627567476420604731e-01
2.568148541869128554e-01
2.548535879243227775e-01
2.515007191456977154e-01
2.469222969164168724e-01
2.678451307418588945e-01
2.499740774063126114e-01
2.542564043956450082e-01
2.624145183054290564e-01
2.676026532604327546e-01
2.628965263064972913e-01
2.590185902455535150e-01
2.658637411527517980e-01
2.515489943744703139e-01
2.576899867038732195e-01
2.553880626042777102e-01
2.603257017680886687e-01
2.641797982746856288e-01
2.520754690501361139e-01
2.601170931480658588e-01
2.571001095273086623e-01
2.586497832510795680e-01
2.596632753081797862e-01
2.575421637663037888e-01
2.517107123549406911e-01
2.571053321862075691e-01
2.589940852193198806e-01
2.618996469915835235e-01
2.578114983594590459e-01
2.525104314914565773e-01
2.468523055530184029e-01
2.540522296737456331e-01
2.543992180289397220e-01
2.568278433261941274e-01
2.528893862471788267e-01
2.592314694118259544e-01
2.590405612267461244e-01
2.462754119552770238e-01
2.536308157250335427e-01
2.574050622975307956e-01
2.526826714107189842e-01
2.471656370659278679e-01
2.570265263538984435e-01
2.525533171947856870e-01
2.502607763297592935e-01
2.455866860178207434e-01
2.580017079234214750e-01
2.630145300901358674e-01
2.598616751465759878e-01
2.490234659934946748e-01
2.575231642562809675e-01
2.558254009040114019e-01
2.533416122669864823e-01
2.575017194794750885e-01
2.570294259482125421e-01
2.472648038405256266e-01
2.530679762299921087e-01
2.405129917678892060e-01
2.475623615888714601e-01
2.527198696084907992e-01
2.483217879589444399e-01
2.518013889569363783e-01
2.492548539394714435e-01
2.470343428160286514e-01
2.556136698878552771e-01
2.534418209257301990e-01
2.551485162399775852e-01
2.584965211756112824e-01
2.609648606931571635e-01
2.544776231801755273e-01
2.544851076260743472e-01
2.530857733377477325e-01
2.490056917700086414e-01
2.531640193749368217e-01
2.502470210428781039e-01
2.542185539548937889e-01
2.464386896180613684e-01
2.519112721124778798e-01
2.562170890121554523e-01
2.510378208472856532e-01
2.495534010816328196e-01
2.501879643659069563e-01
2.442426941107211924e-01
2.515815955558708961e-01
2.485688797934273442e-01
2.488123979745203718e-01
2.471460187088019289e-01
2.625306806681001470e-01
2.590761338845241069e-01
2.566955630124179155e-01
2.479299206515186427e-01
2.541670814747193363e-01
2.477397748398475485e-01
2.424966056873567588e-01
2.610589966316411159e-01
2.601488411150862934e-01
2.471656245704481059e-01
2.366084572923548013e-01
2.495475580425190465e-01
2.489961658396301347e-01
2.468654715809194267e-01
2.488703747500022878e-01
2.583253085899686052e-01
2.542696033103623021e-01
2.555580442201086377e-01
2.393104741935638824e-01
2.524214274251473933e-01
2.482872408600925729e-01
2.535717912426775911e-01
2.449770313687816836e-01
2.386236321404123784e-01
2.580794451730528127e-01
2.517861194656570989e-01
2.426845363512784015e-01
2.488376338655273745e-01
2.500189709646194469e-01
2.497274544730317958e-01
2.482529146655485519e-01
2.543543180446719010e-01
2.439559043491957846e-01
2.490672300183267573e-01
2.429474077458562142e-01
2.441483805943105434e-01
2.467030613007035189e-01
2.442508083584247203e-01
2.513768168332239927e-01
2.447027704992128516e-01
2.518434040600153745e-01
2.547782633324074952e-01
2.383352513877134982e-01
2.501861083129695018e-01
2.583696859517882194e-01
2.460515554662265902e-01
2.457709847733029473e-01
2.529617650473229284e-01
2.447873962460854758e-01
2.431125728695304744e-01
2.383999225515827103e-01
2.504208447570365204e-01
2.467567651661842776e-01
2.579997603888115609e-01
2.545065419495724512e-01
2.427901653027157991e-01
2.510104001546731300e-01
2.526286434038604867e-01
2.530328100980030470e-01
2.425603421811539651e-01
2.398591980448941952e-01
2.305346671992352103e-01
2.464914189774564113e-01
2.364372645253380867e-01
2.400719976979758252e-01
2.476910207615741211e-01
2.487981259615501539e-01
2.432905831464500235e-01
2.454786550983512061e-01
2.336577929354004546e-01
2.451791535755533102e-01
2.407259995433707056e-01
2.407794148474333706e-01
2.504091513770727584e-01
2.465913685257676846e-01
2.433652676847642971e-01
2.416649862316373465e-01
2.475872295280856505e-01
2.470122756297108424e-01
2.464847722577230282e-01
2.361098265879265634e-01
2.388052826347785151e-01
2.459899135945950999e-01
2.430690645372390879e-01
2.513422658748318828e-01
2.469365995985584039e-01
2.349173162229080125e-01
2.528719232820453300e-01
2.481428970638931419e-01
2.435996631133917623e-01
2.422776780350650583e-01
2.436272741910092687e-01
2.523262199086465651e-01
2.381145378876439178e-01
2.484687583176268255e-01
2.411186706697108217e-01
2.504971470803870615e-01
2.403506682356224555e-01
2.450228930861970689e-01
2.328784799492977786e-01
2.361503006463083754e-01
2.472625215354671280e-01
2.373653749571214000e-01
2.414956384073464468e-01
2.385083041971137741e-01
2.473046792571060859e-01
2.465778103199343096e-01
2.367033020521085440e-01
2.427302364886210206e-01
2.444608337570751688e-01
2.418305503185420591e-01
2.456644868661137515e-01
2.390870496591495087e-01
2.386074856178573844e-01
2.389807919639529432e-01
2.502136919920432412e-01
2.395110934280977322e-01
2.438499420028861220e-01
2.440810781171647292e-01
2.535272505405572474e-01
2.430308824415918778e-01
2.455749732874983327e-01
2.456305166340497781e-01
2.410357424144773386e-01
2.430046324837733529e-01
2.397495446711830347e-01
2.360271898791794776e-01
2.414172250786006391e-01
2.370046429774262942e-01
2.340932972670725087e-01
2.428952328329060384e-01
2.357258419777565894e-01
2.384759936783242829e-01
2.327443685590776523e-01
2.312605367958842084e-01
2.320344809321382984e-01
2.282464045970794553e-01
2.420777801083119352e-01
2.407523224139577200e-01
2.398893831469262050e-01
2.400151116532640572e-01
2.346985282434568276e-01
2.445602151159105286e-01
2.491111335810303196e-01
2.339718560168563277e-01
2.470827199216290015e-01
2.346382885482837244e-01
2.377540641553373968e-01
2.537405256551921173e-01
2.515949010969067423e-01
2.392052412911722659e-01
2.297676295337036656e-01
2.431579377792980612e-01
2.499767351791419845e-01
2.431461082754490244e-01
2.298839158346436262e-01
2.398203390694366721e-01
2.358759155589874590e-01
2.333147740795392666e-01
2.328100892869715555e-01
2.496205967501876621e-01
2.461540629476477449e-01
2.341046971218836426e-01
2.358608212448501940e-01
2.446411684119522700e-01
2.339099937496884607e-01
2.440280827460212798e-01
2.332544510780336644e-01
2.335008629478225739e-01
2.315701990723186832e-01
2.456508160753974046e-01
2.400517276983555881e-01
2.345278092169675865e-01
2.376699122775958184e-01
2.244873193724886695e-01
2.315578664978920065e-01
2.328737551014119500e-01
2.358826686352482049e-01
2.386332683872534055e-01
2.416195136571777091e-01
2.357678573904087305e-01
2.370048880498651922e-01
2.373591507216830099e-01
2.418919117725589762e-01
2.383735733917085042e-01
2.362232349223009065e-01
2.395064143927277955e-01
2.354160625745358448e-01
2.410630112739483577e-01
2.393089744659149254e-01
2.289407833923265967e-01
2.323979846451212916e-01
2.296363326022337059e-01
2.250539780594554840e-01
2.409830935525429929e-01
2.391574088181069868e-01
2.343313436323404275e-01
2.370261227891109490e-01
2.374828067940184528e-01
2.244323401474160873e-01
2.326020664979100427e-01
2.405685457111079728e-01
2.351782806176001550e-01
2.338682424534435089e-01
2.307130473488934186e-01
2.364810262790002504e-01
2.328178510868650353e-01
2.337672006425528526e-01
2.312059438360380970e-01
2.368957804866586025e-01
2.290613093070622552e-01
2.351192628918997718e-01
2.395804393128387888e-01
2.349978122532203617e-01
2.267113288911724034e-01
2.341245230713749903e-01
2.354511196739237366e-01
2.276005863156094211e-01
2.404144148958660132e-01
2.407164836424457999e-01
2.349285946089496591e-01
2.372486853762836301e-01
2.390965938989102479e-01
2.257992295741274580e-01
2.332631754874276986e-01
2.298606837277239467e-01
2.335396654197795518e-01
2.223962087670257048e-01
2.345553007403956558e-01
2.369557875814376491e-01
2.416291431421555558e-01
2.368802664364852983e-01
2.347283864943312537e-01
2.300532711967564481e-01
2.224666815229110473e-01
2.270681150177306096e-01
2.284192946365747323e-01
2.354712902931216378e-01
2.387748255534656305e-01
2.357191070636145414e-01
2.366208972600902793e-01
2.350198925304407549e-01
2.249879495141022812e-01
2.241675903339496179e-01
2.288131299745358449e-01
2.327920273406633989e-01
2.248321167965247058e-01
2.294356590520436612e-01
2.256766165439455518e-01
2.321787721449897202e-01
2.342156323433525200e-01
2.268486624178626121e-01
2.209188964261371568e-01
2.339534686334473479e-01
2.300487655340337501e-01
2.330003291842035473e-01
2.253145293908633828e-01
2.263334549669615559e-01
2.273828044574941476e-01
2.296487640193800583e-01
2.255878674551204943e-01
2.275405708768160062e-01
2.225507891325314569e-01
2.331111496115350068e-01
2.374735552787139437e-01
2.247136137842008496e-01
2.266797493949803677e-01
2.285924777290500032e-01
2.237290071910340572e-01
2.270435750573015499e-01
2.262648691134319101e-01
2.400661829550231330e-01
2.282174534944827471e-01
2.326376879182641133e-01
2.287468429739171194e-01
2.327247876820255357e-01
2.317047678088431928e-01
2.320744829595891012e-01
2.292594249357153835e-01
2.320971757378037514e-01
2.162614794173229882e-01
2.224104486951774540e-01
2.230873770201919903e-01
2.366071696367703092e-01
2.217796703009443648e-01
2.281400524630620152e-01
2.327933850201482358e-01
2.246697984261767367e-01
2.291558856991274817e-01
2.325326436977899203e-01
2.234866700481752400e-01
2.208888818130917420e-01
2.249106124746744761e-01
2.319388300786842105e-01
2.261799641750870116e-01
2.230437078655592709e-01
2.221961771163039057e-01
2.324287536029211454e-01
2.227099577950000242e-01
2.268912570697332320e-01
2.302031212184367792e-01
2.257466990541276974e-01
2.280903714055889653e-01
2.221026752523164172e-01
2.231128487198723587e-01
2.276013440467198334e-01
2.348164988618079985e-01
2.278864520505989866e-01
2.299036144373766133e-01
2.224870867548746078e-01
2.225074772547632751e-01
2.250791768007924798e-01
2.391886328021473052e-01
2.267615228992416743e-01
2.181238640813901730e-01
2.321446806340949909e-01
2.324665506545657845e-01
2.266779514097569947e-01
2.229006808651994298e-01
2.339534428067842065e-01
2.238612106658121048e-01
2.215739513862475807e-01
2.321420713745915299e-01
2.367229676737072630e-01
2.300444797154029830e-01
2.183927933437959101e-01
2.210176252930323715e-01
2.173021962601960899e-01
2.237340017366167277e-01
2.249000447397133673e-01
2.183220980064097816e-01
2.276408275657200164e-01
2.394663628007029921e-01
2.242258944013689748e-01
2.238918758171584145e-01
2.202103338270843258e-01
2.265162136368454870e-01
2.276629513229506685e-01
2.214485778309239761e-01
2.198786879115246506e-01
2.273375105838157939e-01
2.259796875936939120e-01
2.234482281925695979e-01
2.166038094050735108e-01
2.283278243709716548e-01
2.283007315278179350e-01
2.244911806174930691e-01
2.247923083960641222e-01
2.245016247211556459e-01
2.207921024829075929e-01
2.204133391159890376e-01
2.182953259670278312e-01
2.226500829013492444e-01
2.226418764579286558e-01
2.225573819744954829e-01
2.220198364458421114e-01
2.334843136493665039e-01
2.161152649211715016e-01
2.133558975819573877e-01
2.269074974628839669e-01
2.154870354595648241e-01
2.279779912822001986e-01
2.238367857026235530e-01
2.223005806531809236e-01
2.243845652146333469e-01
2.258550140007788976e-01
2.188075780085532163e-01
2.165357404470305003e-01
2.224820830927907167e-01
2.112018376815739673e-01
2.290360829820167199e-01
2.169431154761690683e-01
2.214276399473472656e-01
2.292991911105161096e-01
2.195493735098769106e-01
2.192756046102224410e-01
2.183548171672258231e-01
2.236974007742572601e-01
2.215041170866229869e-01
2.234270241577920313e-01
2.282757614185495498e-01
2.137135048454553710e-01
2.222263217660681578e-01
2.198420067894868435e-01
2.200715647776787520e-01
2.249262366147721792e-01
2.195965548842269133e-01
2.199294042016571860e-01
2.253662146413788481e-01
2.210592058033027385e-01
2.084310849642972974e-01
2.176678589093532512e-01
2.209878494089204670e-01
2.167839461505773890e-01
2.173770456853765243e-01
2.153605135327940623e-01
2.180930885182501555e-01
2.165275983381593772e-01
2.181096507068195356e-01
2.087709188358175538e-01
2.264755255469734774e-01
2.256511906741400786e-01
2.109609178203273316e-01
2.097062391055941610e-01
2.154159545338185655e-01
2.185598291575849839e-01
2.206476979265733496e-01
2.226182947692117997e-01
2.156726237886841258e-01
2.196394768100973227e-01
2.238645402485371916e-01
2.314465074297159530e-01
2.177550976954168993e-01
2.228061068627802399e-01
2.171996034911729545e-01
2.169903908238226542e-01
2.266921454076402664e-01
2.214093020041034698e-01
2.162111473467736023e-01
2.198182167201510051e-01
2.179210210926778579e-01
2.131910836196277970e-01
2.188031485859347480e-01
2.171897983477686367e-01
2.185834379291957674e-01
2.121972076907259197e-01
2.186486537788350226e-01
2.325007787699079342e-01
2.139891415903332206e-01
2.163445017610103882e-01
2.187704555853681176e-01
2.136579974355951039e-01
2.203791783940409754e-01
2.175637212430364675e-01
2.130232885294651712e-01
2.100491532769136471e-01
2.169569089447271892e-01
2.164158147809837063e-01
2.213007926627491573e-01
2.233543329569115388e-01
2.164721646783629438e-01
2.197504922755815215e-01
2.127201428567719876e-01
2.100933685903940695e-01
2.095660070990537083e-01
2.226015709473347925e-01
2.222973753301595856e-01
2.154995198065206008e-01
2.201913228217642349e-01
2.145948727857478477e-01
2.170968056101335586e-01
2.232644668609040650e-01
2.200054215654898560e-01
2.102641032209706662e-01
2.109859010557950665e-01
2.140836709948059635e-01
2.020808865526320108e-01
2.101687250502818349e-01
2.074708138993028861e-01
2.135840381415619049e-01
2.104480792251171017e-01
2.109970278935313637e-01
2.066354829642325086e-01
2.238151928309911609e-01
2.057377043120692806e-01
2.213432953963623273e-01
2.160583244725610141e-01
2.201862011167593502e-01
2.251126779266701128e-01
2.024726113452182119e-01
2.182609883414156071e-01
2.152544354786717351e-01
2.225419696253871926e-01
2.193753336225305883e-01
2.151447546329294802e-01
2.073946654725302707e-01
2.115429178203134253e-01
2.177475829149462250e-01
2.220146994094343018e-01
2.169141939709542388e-01
2.117128656103373086e-01
2.192542685118887835e-01
2.099827067182854501e-01
1.984456277610486818e-01
2.168731881493191072e-01
2.050135108084518709e-01
2.109317015429875708e-01
2.151398196618448111e-01
2.139253058759634785e-01
2.119565003394310310e-01
2.198107688098382972e-01
2.093622020833889597e-01
2.152532591625879732e-01
2.068399858567372407e-01
2.136589446319595575e-01
2.165636918055018345e-01
2.021287889560015039e-01
2.133404878983623520e-01
2.092801178003242946e-01
2.178604204465544036e-01
2.133440963816473079e-01
2.176292904752813451e-01
2.101720484101483599e-01
2.160093155756401817e-01
2.174862385403796283e-01
2.089690841407221278e-01
2.065939574227610986e-01
2.101819184911918326e-01
2.175995499074129258e-01
2.078642748130737905e-01
2.155212490423190630e-01
2.213086070494626467e-01
2.140199725174836143e-01
2.149762639939478692e-01
2.123971761079086473e-01
2.145920629218474041e-01
2.123827822671213728e-01
2.081045614727051740e-01
2.131876891072204128e-01
2.119517648339764859e-01
2.072706120227315596e-01
2.183220980064097816e-01
2.158198637741798320e-01
1.987223116267808898e-01
2.059155947360760130e-01
2.028579494093413205e-01
2.086090700073730542e-01
1.969026193438526695e-01
1.996260247136585342e-01
2.199885521221901508e-01
2.083971476543461376e-01
2.103613614183044156e-01
2.122988212655072537e-01
2.163976119507384777e-01
2.189118891832086966e-01
2.103569888957012024e-01
2.033967954104943798e-01
2.120134402192372924e-01
2.080464931090804104e-01
2.124227426476987812e-01
1.988551616096196906e-01
1.988638304474156238e-01
2.063122802968987424e-01
1.990661403566094112e-01
2.133916411909118072e-01
2.071742740424453721e-01
2.099901790530670498e-01
2.136087349518117628e-01
2.113646096659871354e-01
2.108243106078266926e-01
2.078171528672591029e-01
1.957383914300513394e-01
2.120558004203623170e-01
2.109999897538950009e-01
2.046952124867185141e-01
2.129423550672383536e-01
2.168030596605508009e-01
2.162384344697696470e-01
2.064183444035849746e-01
2.077440094776527024e-01
2.101747429482844209e-01
2.152397049106140603e-01
1.967904390128825121e-01
2.052060403859654603e-01
2.109469891960958909e-01
2.113627374693785033e-01
2.010215871996642312e-01
1.982658141563067300e-01
1.979660184202072237e-01
2.083091235281483433e-01
2.063372288163194401e-01
2.019840282815332788e-01
2.001920416051672369e-01
2.114833137488045800e-01
2.045216035309692648e-01
1.953034540371207939e-01
2.135104981270163904e-01
2.116091770011375717e-01
2.132606339026310582e-01
2.042933002575879620e-01
2.082717174919447300e-01
2.108389877270333557e-01
2.083839291824056694e-01
2.092902595603340909e-01
2.104548056421943203e-01
2.026164497992367641e-01
2.037111196037605376e-01
1.996848339093051372e-01
2.077253083002825740e-01
2.080622157483289492e-01
1.935992733572322599e-01
2.009188719907655241e-01
2.093197267935977823e-01
1.979822550552239324e-01
2.016580355870070118e-01
2.143459340767430721e-01
2.016307826805454617e-01
2.069745625913936848e-01
2.038095207777192996e-01
2.078940628269632107e-01
2.052719083120800869e-01
2.027157064046418711e-01
1.969908903158817948e-01
1.977009113716829969e-01
2.021081353848770412e-01
1.948579617993424495e-01
1.970872185723829828e-01
2.050616546162499221e-01
2.020941690932361867e-01
2.077136883357829644e-01
2.029488702009133450e-01
2.050252318106033922e-01
1.936505488913279338e-01
2.039290276451296569e-01
1.999216449043358379e-01
2.044407097872926737e-01
2.025849269496151628e-01
1.991909107766896003e-01
2.033727187244105394e-01
2.130879963081941941e-01
2.016010906359844146e-01
2.036846416256421488e-01
1.957846713686186568e-01
1.997008219648801486e-01
2.173024874444532406e-01
2.002044897751498187e-01
2.040912739326254943e-01
1.962593713481924906e-01
2.031389236975231771e-01
2.078061784378346655e-01
2.071082728658353300e-01
1.971595543275108664e-01
2.031991802946777614e-01
2.082404361734742082e-01
2.089012572755467589e-01
2.059700424613218894e-01
2.034341808503785654e-01
2.028874997885090625e-01
1.936341393581497705e-01
1.980917637046973878e-01
2.009923849477325275e-01
2.036808833052407008e-01
1.952095041804280395e-01
2.049987231748868766e-01
1.990158110166708738e-01
2.058923471383375947e-01
1.964519892429320569e-01
1.955058647305215613e-01
1.977542150132172161e-01
2.027659858575591167e-01
1.999525710157433744e-01
1.946596496250302399e-01
1.973694838790707173e-01
2.032584283831646577e-01
2.019530960508442163e-01
1.958102391319465063e-01
2.023293681495373919e-01
2.107331937216463391e-01
1.921354953001139787e-01
2.048340991330576122e-01
2.084320310211715821e-01
2.098520371315627520e-01
1.980585680817116279e-01
2.125454591234058332e-01
1.996108120925943474e-01
2.011904721361428283e-01
1.991233039695581297e-01
2.077666744787475261e-01
2.039254314048916106e-01
2.011573997668919533e-01
2.037723224753581475e-01
2.053838825490785780e-01
1.938909094501682917e-01
1.959865211007921770e-01
2.084700747653073227e-01
2.012342341261806888e-01
1.946220343385086649e-01
1.987796496799717483e-01
1.980073787710259214e-01
1.954788421509706664e-01
1.945544210313495670e-01
1.964295590008541259e-01
1.986323079812593040e-01
1.932380415297050291e-01
2.082916452913562422e-01
1.944283775504770384e-01
2.094166290108030459e-01
2.006046511176049485e-01
1.975234505967135012e-01
1.965865090124756520e-01
2.040743800292699195e-01
1.947684402555778238e-01
2.000669782732954483e-01
1.952210886047498484e-01
2.027039198665356867e-01
1.918755679576201745e-01
2.035174456439559076e-01
1.970715717738307227e-01
2.006542173954061203e-01
1.902084312363691021e-01
1.886237433436561695e-01
1.916150323024856661e-01
1.997074898073526450e-01
1.990682494054719642e-01
1.837025252692222610e-01
1.963162839108991697e-01
2.053111184438192183e-01
2.003703125149263187e-01
1.881809505150204842e-01
2.011390104881420893e-01
1.980161173976490163e-01
1.945992634524789100e-01
1.995473518768078325e-01
2.016238233223989207e-01
1.951347366549022189e-01
1.965516556250803681e-01
1.972264404046346620e-01
2.077348678662390702e-01
1.940089852078744626e-01
1.834860136831353294e-01
1.893605787706791332e-01
1.991275415372770752e-01
1.884161342820142027e-01
1.895200258373775926e-01
2.024316689589233942e-01
2.024646579746820496e-01
1.980612769801455286e-01
1.935805953086078279e-01
1.906606552319434211e-01
1.875397485926131314e-01
1.897911027569273434e-01
2.006726567407020045e-01
1.953317499311988392e-01
1.965387895717282118e-01
1.892716705918213727e-01
1.954218434915759861e-01
1.895868523168584563e-01
1.972703778450786150e-01
1.991500862033059871e-01
2.027228803014584635e-01
1.958085082408158595e-01
1.990476291061049618e-01
1.999114422477766828e-01
1.942525987596919190e-01
1.814452100337226037e-01
1.927901429295443281e-01
1.877301188216714545e-01
1.945893246380513419e-01
1.885066129807129176e-01
1.884431448232128936e-01
1.968323485374177118e-01
1.896145491149018314e-01
1.982543214616057092e-01
1.953225251876239410e-01
2.028878941563111438e-01
1.995687695004151330e-01
1.972441842300438619e-01
2.000948080494382442e-01
1.930148787249454934e-01
1.971506836515086736e-01
1.881283464380787418e-01
1.992601071149371350e-01
1.896142834229975760e-01
2.003266914662555909e-01
1.930036954253704362e-01
1.952601217606386719e-01
1.890554699885094170e-01
1.863503816974267924e-01
1.899118026531865233e-01
1.928727482919646574e-01
1.974338422812758065e-01
1.900319116164547184e-01
2.043581964461282929e-01
1.934808194578517826e-01
1.991501603101025752e-01
1.911472513288962061e-01
1.878139932104491150e-01
1.934854642208482245e-01
1.864284336565746880e-01
1.950523162829538304e-01
1.890621958082835397e-01
1.953154789795426005e-01
1.865577803715742222e-01
1.893190261273627328e-01
1.931449440039509913e-01
1.857208602334783354e-01
1.912357237557811285e-01
1.970178387722901769e-01
2.042610243291356209e-01
1.946763900456811580e-01
1.888974825394587054e-01
1.982863047153644587e-01
2.012920365476387197e-01
1.919746398667921961e-01
1.916623541155073607e-01
1.966511700884483460e-01
1.935011084674456150e-01
1.943004658012501551e-01
1.889991525118499549e-01
1.895450072936666341e-01
1.920176115298164454e-01
1.901729272885402944e-01
1.871267689777166288e-01
1.816502124125526363e-01
1.953372044103380833e-01
1.846597562707075202e-01
1.855789220143004847e-01
1.927261495370280464e-01
1.889702328698618095e-01
1.869646622620875220e-01
1.833542876393181587e-01
1.976056640750067928e-01
1.821064788157443770e-01
1.814983980957586285e-01
1.905921828290892961e-01
1.944931418680042601e-01
1.880395395429403926e-01
1.978245444936388431e-01
1.881642819898862173e-01
1.922480910275963240e-01
1.842158631771657618e-01
1.877960462937854347e-01
1.826251973581551891e-01
1.890656350880348668e-01
1.965440552932921081e-01
1.761186860255349318e-01
1.868079616184520342e-01
1.768924861770544421e-01
1.824374739321801275e-01
1.877560388515495671e-01
1.931969266744566482e-01
1.946525422313678533e-01
1.969670226266708735e-01
1.857359456790627084e-01
1.856159616225644404e-01
1.842745178673587114e-01
1.882469512434719050e-01
1.872968087110249424e-01
1.882494567834628318e-01
1.776844241521774448e-01
1.846104312565797212e-01
1.878784757658883420e-01
1.899711007069559976e-01
1.941525653776158267e-01
1.859899874542975118e-01
1.869843350471269705e-01
1.870533219532179992e-01
1.808644447460583393e-01
1.787135630152074661e-01
1.837977964289398969e-01
1.807985075222392490e-01
1.842425417562090217e-01
1.854380775581199181e-01
2.004776709126263601e-01
1.865387316289739417e-01
1.852904739105925014e-01
1.964189840004667564e-01
1.907506928563225124e-01
1.927573698912481426e-01
1.909479336136250538e-01
1.894828137820034897e-01
1.861860784943771829e-01
1.918470518355215315e-01
1.877937762850092618e-01
1.890628616664141726e-01
1.847993028281867955e-01
1.834313088012407000e-01
1.779087513311568003e-01
1.938497162725734135e-01
1.934371876697348336e-01
1.899163396622355338e-01
1.869668195160050228e-01
1.821064788157443770e-01
1.886413012303429504e-01
1.887275377790583741e-01
1.880425107927797823e-01
1.832275338788535990e-01
1.869987629898779424e-01
1.851060079787039125e-01
1.849066748063196153e-01
1.935896132639858269e-01
1.732884518703257104e-01
1.821280740253786723e-01
1.917716657279100456e-01
1.867382763684131142e-01
1.817084602048897324e-01
1.947601139766039768e-01
1.826443710989513747e-01
1.810280244727224819e-01
1.800143774761868709e-01
1.771799441863564084e-01
1.803900491064514000e-01
1.849459146181868796e-01
1.791768796820361054e-01
1.835967780672754790e-01
1.867510456617222925e-01
1.824271151982868044e-01
1.815486830670376417e-01
1.795962083445329371e-01
1.772325657706834701e-01
1.801626600749177687e-01
1.857805044964319086e-01
1.940788064226726117e-01
1.903713769591317551e-01
1.862727132077972581e-01
1.773056681004482327e-01
1.848342781280252201e-01
1.739858853225719759e-01
1.828373778892776746e-01
1.853206155162668844e-01
1.799906504443753441e-01
1.855699880845069760e-01
1.720283587793655089e-01
1.765806684348507627e-01
1.840969966764020027e-01
1.785088611742339237e-01
1.768777400957556312e-01
1.813172227976385109e-01
1.800473330173746334e-01
1.790122282044854796e-01
1.853756738013094818e-01
1.820350106571380078e-01
1.884251501364884174e-01
1.918797646306997784e-01
1.804205373483471764e-01
1.891630465617875068e-01
1.786020557706169409e-01
1.864039194711648584e-01
1.787873348755983915e-01
1.802170189423419888e-01
1.778373030564175394e-01
1.713102880116332827e-01
1.821709190127251965e-01
1.749732994737517311e-01
1.842477513473513850e-01
1.792750744492674908e-01
1.865395657775421601e-01
1.822580154889329451e-01
1.820619178403308780e-01
1.796467367133722792e-01
1.908675834159387907e-01
1.827904013727765786e-01
1.838973675892199289e-01
1.774131731596794159e-01
1.833163514591904519e-01
1.825697041687063260e-01
1.778410744593315052e-01
1.850712794140314532e-01
1.847942873548673592e-01
1.817940894261018681e-01
1.812413086445472388e-01
1.730593935368441860e-01
1.853339719750300985e-01
1.747766309865068646e-01
1.773333210277533434e-01
1.773867396562573973e-01
1.905676235635795912e-01
1.770963632826598744e-01
1.864739520298068776e-01
1.802518541547437625e-01
1.815735231756075985e-01
1.824991385276524269e-01
1.816723747675038636e-01
1.798544423882263432e-01
1.783992259742135378e-01
1.841038270937771504e-01
1.871533245725269801e-01
1.741165911924482668e-01
1.891620267930403942e-01
1.783281822445730302e-01
1.800304076765566474e-01
1.782996024977741012e-01
1.727578674286556204e-01
1.771246600541036553e-01
1.837106176799981894e-01
1.894364215691388686e-01
1.771770378459475159e-01
1.792103595677103645e-01
1.857410063868344396e-01
1.784657320435437677e-01
1.819205792930806975e-01
1.842074929196811928e-01
1.821263355922309035e-01
1.697995490036219302e-01
1.762311566043744948e-01
1.793961203019878159e-01
1.717377901206481594e-01
1.688825184348567987e-01
1.794311250541140712e-01
1.874550369408725103e-01
1.815498421889250036e-01
1.818921613758937017e-01
1.839825749828950530e-01
1.782732817781429446e-01
1.731961914410300452e-01
1.864088321405277249e-01
1.798223369227216484e-01
1.787823947460669416e-01
1.793052227959736067e-01
1.847615803254203382e-01
1.870961544434931456e-01
1.808174851341424194e-01
1.836781733586891896e-01
1.719470928330486537e-01
1.688307645407909341e-01
1.661032399858508590e-01
1.773434064064998150e-01
1.808475354106158228e-01
1.740395274497246181e-01
1.744933796354716238e-01
1.714560969525219525e-01
1.678572734633664298e-01
1.747440112246297916e-01
1.724276293975656182e-01
1.834826734071106635e-01
1.787146323687809346e-01
1.780209487806649893e-01
1.776255583584216424e-01
1.824947542375007226e-01
1.744004263671367072e-01
1.776674232215043059e-01
1.766126409831584310e-01
1.837674549724046535e-01
1.780248439871682242e-01
1.827430463883918943e-01
1.762912248328014631e-01
1.738036640857628656e-01
1.707850477210668405e-01
1.775110067478302689e-01
1.757816213754187507e-01
1.773366640462508137e-01
1.738854167120504890e-01
1.756853172014096742e-01
1.780329278354924050e-01
1.804687795725503641e-01
1.766285226597832381e-01
1.763593423057620013e-01
1.700422448303129386e-01
1.777925423921626891e-01
1.798978865746052591e-01
1.699585421097932203e-01
1.755530796602544630e-01
1.658707394536595991e-01
1.724922614847430591e-01
1.730145679070308473e-01
1.781607672362707229e-01
1.799085699868561150e-01
1.674050160962190503e-01
1.667074750738886113e-01
1.783710611976123683e-01
1.710522813983139656e-01
1.683854833789454331e-01
1.770192419954587093e-01
1.777684160532624347e-01
1.731765108191558600e-01
1.733030222445911539e-01
1.726697377608017447e-01
1.704074573698037831e-01
1.716227045429018494e-01
1.686702739936181139e-01
1.690192657854255875e-01
1.779407198370728249e-01
1.783012782577978461e-01
1.772888859497445679e-01
1.743674820786509372e-01
1.683201961156535198e-01
1.747530352945146914e-01
1.808381569087585961e-01
1.711811285798288118e-01
1.767419680911710422e-01
1.710446582932108051e-01
1.815366980809871578e-01
1.801440237993107152e-01
1.635047766902063548e-01
1.721047756883977708e-01
1.794505043303477043e-01
1.730273451850179445e-01
1.750357247469229716e-01
1.661061918202330068e-01
1.729834415645945533e-01
1.739149391517893495e-01
1.686620400043900014e-01
1.725765667547762838e-01
1.618646386976163587e-01
1.721383045653567256e-01
1.648353777942734855e-01
1.724217465606280308e-01
1.721238751953857449e-01
1.681845738038147964e-01
1.646098701525195995e-01
1.630471018537030803e-01
1.685962160570753099e-01
1.766344404838611215e-01
1.738677206111345352e-01
1.696700318038308897e-01
1.785943160982734756e-01
1.716303717637983617e-01
1.721596560364662132e-01
1.729085126146506779e-01
1.827119997667345785e-01
1.673507220420256125e-01
1.735620458020175061e-01
1.715990302580484572e-01
1.681408221606146558e-01
1.669774558341399207e-01
1.680471556940186240e-01
1.717869463785322015e-01
1.811025935463983494e-01
1.737036938281523168e-01
1.720722571380546295e-01
1.748493301441461645e-01
1.674061181624370009e-01
1.761574160367860298e-01
1.728804886071262370e-01
1.676024528640820410e-01
1.761179291388073054e-01
1.757469340897481747e-01
1.738523612993181366e-01
1.745011857429787927e-01
1.724357683519710527e-01
1.657965645312287073e-01
1.717195420216657276e-01
1.751521207833683924e-01
1.686809964614399693e-01
1.688116007040275646e-01
1.623414480224615319e-01
1.770246208963146550e-01
1.787747600004273574e-01
1.749264234848304511e-01
1.741928564723101980e-01
1.729728115398592170e-01
1.722637489338475492e-01
1.716978054517270813e-01
1.679290777295175952e-01
1.608944122457485193e-01
1.733411973868451694e-01
1.639774316969582202e-01
1.759599151412383211e-01
1.696133423859329525e-01
1.631195720655049808e-01
1.718713665151776482e-01
1.660140624744190774e-01
1.736219054005748719e-01
1.800256733227436623e-01
1.640947179768075248e-01
1.643596095916479705e-01
1.661530170980022314e-01
1.685150292553547757e-01
1.637438464576581598e-01
1.663815040092808673e-01
1.650016456222629380e-01
1.648960880799932305e-01
1.754283379578762680e-01
1.708409529206713628e-01
1.704041364037778283e-01
1.609917055780658579e-01
1.660827334640917474e-01
1.710741386334335701e-01
1.753189944977538994e-01
1.678589847240752331e-01
1.752994844062388813e-01
1.679024494429788295e-01
1.671313002104213297e-01
1.689109335200258410e-01
1.678582747453770674e-01
1.645181935052151267e-01
1.634133068817303913e-01
1.772994081849461612e-01
1.639241933103035009e-01
1.684474804611116872e-01
1.561812511624449673e-01
1.716518107206251864e-01
1.608352212606695142e-01
1.766362255151755489e-01
1.603159173120201064e-01
1.588082299954697296e-01
1.687079813219378721e-01
1.705952557295988825e-01
1.614291034427495219e-01
1.617016203242093164e-01
1.566852330627952483e-01
1.628323348337885612e-01
1.567429075892322610e-01
1.744331175086717423e-01
1.651768482218246570e-01
1.626719515847379061e-01
1.622213637771782180e-01
1.701264099520067852e-01
1.638696892285311790e-01
1.618104169418188576e-01
1.711184983798065273e-01
1.593654299847349076e-01
1.713522342023823253e-01
1.533865572208588102e-01
1.612377811703342712e-01
1.685707556453943656e-01
1.679917976789038203e-01
1.534813951963273082e-01
1.607895695439256478e-01
1.598628139914343160e-01
1.716819904210362679e-01
1.694199472948629825e-01
1.706784343129298387e-01
1.743297589082769550e-01
1.633077915253394741e-01
1.602328016731964233e-01
1.693713782545105406e-01
1.739296560213711151e-01
1.651889030304074524e-01
1.708879907363121120e-01
1.612714067300873300e-01
1.648198568623138183e-01
1.558657095005268056e-01
1.651128952802737304e-01
1.582368197421227807e-01
1.575075853013319094e-01
1.644172112492925386e-01
1.633867913782598436e-01
1.642297179137084395e-01
1.676088958086058289e-01
1.567694858588439821e-01
1.697275136688862762e-01
1.686880504152199478e-01
1.592331991059168228e-01
1.663153375618762198e-01
1.654549162212408664e-01
1.730941166353771044e-01
1.587013031869933810e-01
1.677489062223986860e-01
1.675177263638149006e-01
1.637788100614105957e-01
1.681368078412815992e-01
1.487449013351660465e-01
1.595402684432940532e-01
1.620776640324164131e-01
1.711656697073435929e-01
1.600554374838099037e-01
1.663074364448622333e-01
1.574167720930076397e-01
1.713031694037485675e-01
1.672762236316490680e-01
1.578416308279708691e-01
1.605056835566778251e-01
1.766940916517469873e-01
1.576670779765745323e-01
1.601802344045260007e-01
1.622693007714637314e-01
1.557848717939651628e-01
1.673804002684762260e-01
1.657778562911020881e-01
1.598360123752127215e-01
1.552243918500546549e-01
1.654903944623307144e-01
1.659530765827809118e-01
1.601703179505518104e-01
1.626382685827821861e-01
1.595102193473941776e-01
1.591250270292456914e-01
1.527418585646358462e-01
1.614721453828293907e-01
1.712356215769949008e-01
1.602094314434734379e-01
1.708380056387537316e-01
1.560337738839151500e-01
1.633131991689245055e-01
1.656733314567336857e-01
1.694845649980186719e-01
1.565410951424199837e-01
1.560035683850502508e-01
1.639100858264538330e-01
1.543846287336921863e-01
1.575656415428453583e-01
1.646589786345565853e-01
1.567698618835575708e-01
1.574196916618910702e-01
1.521283683580909596e-01
1.642018647903826789e-01
1.616977222901729849e-01
1.531742918086298477e-01
1.594257622131176610e-01
1.630994554805988983e-01
1.524770090840301684e-01
1.649956638158831534e-01
1.522708963331578236e-01
1.558648289619584126e-01
1.626061536145329001e-01
1.569031015495147008e-01
1.577689723586851445e-01
1.583815207746819276e-01
1.534384014260049556e-01
1.625519604288838682e-01
1.628948061726307461e-01
1.590742306381673909e-01
1.581573792401853584e-01
1.696695387637192631e-01
1.595041774185435024e-01
1.593642740821206161e-01
1.509775643125046418e-01
1.584379464229237477e-01
1.539638601764070636e-01
1.543853595054482941e-01
1.717037689984868276e-01
1.568330415602150474e-01
1.647334995002847080e-01
1.576962037834180874e-01
1.563641070075468820e-01
1.619228003124002502e-01
1.535475312627241351e-01
1.622527140635279252e-01
1.624454648510176291e-01
1.612096252491218573e-01
1.618900624383091680e-01
1.645371456385086306e-01
1.553637487257235605e-01
1.611168755805232333e-01
1.597093346761963017e-01
1.583645275630899407e-01
1.669893252198606515e-01
1.691255270498289720e-01
1.521159601052770594e-01
1.556469964930855543e-01
1.566635954889161741e-01
1.563009607862211325e-01
1.537827545965197995e-01
1.604104737875251541e-01
1.619440547102772854e-01
1.658349007293065114e-01
1.601877487647578313e-01
1.592069870002397192e-01
1.551610850550586562e-01
1.576594432899565135e-01
1.640526680267639925e-01
1.613253857767634747e-01
1.574160674690603390e-01
1.566234544083504598e-01
1.580046973461093351e-01
1.562571650082773544e-01
1.607206169502791715e-01
1.587725022734145508e-01
1.631892280569570142e-01
1.626685474913247553e-01
1.550560023847065150e-01
1.519839010361950793e-01
1.569318386093374595e-01
1.548477206258220829e-01
1.620927160737345440e-01
1.566100940278425391e-01
1.658765673291762166e-01
1.546741312212213115e-01
1.549993497571416912e-01
1.593892312612048556e-01
1.632822010695620385e-01
1.583479681119299709e-01
1.635381906787093387e-01
1.563970441826449953e-01
1.520130869908258298e-01
1.531720829972970099e-01
1.547108068707543360e-01
1.612329308613396073e-01
1.502327785279329309e-01
1.580733463648977821e-01
1.558723720398922374e-01
1.536457731827500783e-01
1.514754818526669045e-01
1.555987878894158349e-01
1.591981060887874833e-01
1.530979617495327183e-01
1.576784926016510102e-01
1.569280716882941462e-01
1.462629342323482629e-01
1.658672430098874218e-01
1.616440618905266025e-01
1.659325751277535010e-01
1.489013133862806537e-01
1.480529129254235521e-01
1.541374931058634434e-01
1.555324030957337955e-01
1.560711752746379855e-01
1.588887270994521206e-01
1.504725457372303454e-01
1.547857089433670730e-01
1.621697737195991751e-01
1.548483864595058268e-01
1.582241225150294861e-01
1.502876720746756378e-01
1.502879455562554645e-01
1.550938380122285354e-01
1.596442451747233093e-01
1.551598200595195598e-01
1.552943626440402847e-01
1.511004976453548254e-01
1.500722764714307322e-01
1.566193936259634434e-01
1.536924986611605259e-01
1.552113639407621815e-01
1.464426816691146715e-01
1.562691849314157277e-01
1.497369000549744200e-01
1.485815005287324242e-01
1.588503978601205624e-01
1.503048583945056915e-01
1.563757957420297551e-01
1.582165204483287901e-01
1.462186778827507805e-01
1.486725421770160871e-01
1.586036198841169753e-01
1.533059140183639091e-01
1.583804308927789783e-01
1.484598753900672197e-01
1.600457579924654539e-01
1.457086406838866699e-01
1.574648092786818943e-01
1.654425078728067877e-01
1.558878053526131513e-01
1.590589012701948413e-01
1.479525211876058233e-01
1.503897315325788409e-01
1.535354786583325026e-01
1.561114470498379259e-01
1.518174362365216634e-01
1.576723189978018747e-01
1.493236116564311544e-01
1.647408934766998456e-01
1.570576742318152696e-01
1.565954606985093811e-01
1.476078377766844030e-01
1.603155263877150682e-01
1.497327465860378570e-01
1.476269258217914881e-01
1.559843509900724623e-01
1.555502254552716401e-01
1.410279005343486602e-01
1.509708510985861007e-01
1.593274837978659875e-01
1.545550503412036480e-01
1.453752402480700257e-01
1.540654862598321850e-01
1.532499276726411175e-01
1.474979917903421756e-01
1.480366653870598403e-01
1.519467603784168119e-01
1.586643748813416632e-01
1.491529823975337177e-01
1.424731528597289465e-01
1.558325758811766049e-01
1.501706269162993435e-01
1.522634239788470678e-01
1.501567077761511992e-01
1.534907667990390578e-01
1.524290458973800444e-01
1.578130010154943363e-01
1.548702775275208054e-01
1.486075657341894285e-01
1.610238501966427815e-01
1.468894541071121829e-01
1.477405123334207815e-01
1.621380390969260343e-01
1.520581576577806349e-01
1.622882175176304509e-01
1.435195196561898090e-01
1.521449039166982153e-01
1.553140751088605276e-01
1.454490337942182521e-01
1.523767886369064017e-01
1.544166894755403252e-01
1.449385813640442500e-01
1.536907257551396455e-01
1.509606274966412975e-01
1.517075246757448870e-01
1.479036600640764032e-01
1.476171166430837456e-01
1.501699219074108527e-01
1.509974385142096587e-01
1.500215824708688306e-01
1.536533604117741314e-01
1.484830208440792720e-01
1.522642496134247736e-01
1.478299067668027433e-01
1.477520976906576688e-01
1.533609841662857409e-01
1.526602855778309564e-01
1.581878769328921575e-01
1.438942146252171206e-01
1.505024163831901740e-01
1.491628301842329307e-01
1.482174291160937019e-01
1.502412678366226162e-01
1.432113938440693346e-01
1.472402277004001281e-01
1.517868972539632155e-01
1.534732167908493539e-01
1.555739567568814596e-01
1.432247274053990438e-01
1.466045423791002555e-01
1.495450490412628675e-01
1.458651863454116793e-01
1.546004252044774763e-01
1.468229381150882862e-01
1.542238334315212400e-01
1.541489414268417679e-01
1.475610509006211046e-01
1.440108059985395483e-01
1.455843294377506814e-01
1.489554783899058599e-01
1.495210783109969244e-01
1.475453693093518037e-01
1.486926100249513771e-01
1.454371713197953886e-01
1.470596741259568851e-01
1.494608650334245947e-01
1.499024911654623926e-01
1.500360407173786381e-01
1.518385002667528294e-01
1.513462964158335256e-01
1.439964378362826869e-01
1.512106719322074966e-01
1.479086534548340603e-01
1.451547957187779847e-01
1.476408946593117388e-01
1.448912267232280726e-01
1.516671337341903847e-01
1.466069720639286977e-01
1.417204296804861485e-01
1.506079463991812917e-01
1.405638480772036791e-01
1.470954212371406999e-01
1.563231248305165799e-01
1.526683654061862239e-01
1.495678381724462325e-01
1.434650716108104573e-01
1.476664723247913535e-01
1.475602146295950101e-01
1.483275778708122994e-01
1.565675328566183966e-01
1.526132190207641903e-01
1.414721100030272849e-01
1.393707315826147042e-01
1.442929306641745901e-01
1.491605447539305906e-01
1.420830774564348919e-01
1.445769638823363179e-01
1.454038872281246952e-01
1.438025676509524509e-01
1.479910782314035611e-01
1.418957974989101256e-01
1.398754000852593382e-01
1.444315151138360065e-01
1.369851494405881498e-01
1.423461603466061876e-01
1.485924298578049640e-01
1.520869417857715344e-01
1.503201202860484642e-01
1.501446401814661158e-01
1.497181686970961989e-01
1.427341817112081079e-01
1.444178334932603169e-01
1.418762207598697200e-01
1.470581793498899614e-01
1.496111580003181007e-01
1.511817367005974244e-01
1.420011596642316576e-01
1.451146089360728642e-01
1.377634018489436452e-01
1.425467288407660238e-01
1.414242793581810265e-01
1.493371571046604451e-01
1.509306779922235942e-01
1.517997840435221235e-01
1.420154735166185844e-01
1.525938601477286882e-01
1.448439075651590802e-01
1.449602486773620136e-01
1.402305364953031486e-01
1.457457499629344344e-01
1.497324010081525492e-01
1.427160346190654572e-01
1.394469738559690475e-01
1.511165207047062697e-01
1.503348036663036957e-01
1.446128178045709145e-01
1.447125952814551919e-01
1.442120455727837758e-01
1.511189658248039969e-01
1.396846414084831345e-01
1.473558267314378778e-01
1.395065632910232889e-01
1.431915689676692693e-01
1.474522873824783975e-01
1.493817146468477963e-01
1.518554568647865199e-01
1.453831637026816725e-01
1.495511568377744238e-01
1.457511882159456817e-01
1.464631761185257730e-01
1.499589431193374400e-01
1.392354162759670277e-01
1.421495643258527952e-01
1.419521666657833636e-01
1.420122049147799492e-01
1.344888484921532568e-01
1.484826615619316836e-01
1.397744672700812485e-01
1.427459746252233153e-01
1.483705150420128183e-01
1.470737369499454106e-01
1.357574660428433333e-01
1.401817471331900933e-01
1.480299264629301170e-01
1.418336443628441801e-01
1.442899680489728720e-01
1.465716945218443756e-01
1.412980853017000715e-01
1.378242344702387268e-01
1.511316016494701486e-01
1.462866243047191706e-01
1.494936419328527499e-01
1.407808670014955021e-01
1.420017476021728786e-01
1.381187634925480356e-01
1.482451144862512171e-01
1.432237406280568726e-01
1.397571799068126897e-01
1.455526300372920190e-01
1.475500177179359662e-01
1.497961883064080624e-01
1.456286143311685821e-01
1.437070519821033177e-01
1.434377387311371876e-01
1.419175333893787361e-01
1.460903855919326588e-01
